186
3121202 13225769
11746329 12490225
9341481 794373
16257368 15174577
2115553 3779353
14516630 17400499
7603153 1379851
758003 10077997
9254172 1609328
8236541 17398638
973171 1590711
7248038 8458087
17249667 10787231
6963572 12641797
1316739 6070073
4934611 1050729
14853082 8100595
9565054 8093894
4652643 421682
11151111 14266229
4262285 6276185
4807463 4874538
14788189 8493922
12092231 13206208
9251479 12599451
16436590 12364919
10387887 9014744
14022234 16818335
3066759 12622354
4516444 16835224
306503 11442945
4876192 16693064
7166681 9345640
4614971 8048065
5051352 4330017
6748631 16815101
10261516 7513813
14362613 2629472
807202 3897835
887273 11074283
10441018 2153392
7995134 941488
10258316 7377393
17426247 6711450
743427 12199769
2638821 16767865
6409126 7965810
6232113 973329
16879663 2746025
10041671 8205306
3118099 16112740
6102217 11237980
13199639 5424812
11513014 15628462
8692226 1454379
4420687 17251959
10702024 1974098
1725849 1614844
11836061 9154313
8312137 1990239
6590184 4403344
88225 10938555
67915 10187878
7248072 6310853
5216717 8922753
6470473 6525571
5164291 10094864
800096 7337927
11725604 2838917
4497574 5357329
1991899 10102291
16548122 16071656
87477 3324306
3109518 10307405
13760579 3937604
266204 12384479
3830535 7415119
8781716 2860012
15643572 17018006
10113786 15983905
3755191 4823651
1180418 3574653
16219533 2330463
4121921 12017333
4397093 16538966
16694703 11911733
3152417 777427
8258129 655131
9879452 13376266
12986803 4251494
16440746 5767210
11480593 2143662
2795570 11149345
12370920 11290959
7302172 4581583
2419196 3425942
17463909 10217952
4847634 16447227
15190754 14381620
7567311 16848145
16452345 3178971
13878347 16235232
5203448 8143804
13027652 7675925
10111976 1221411
5261782 10389722
16827412 8252473
4870806 15278454
2414177 2995558
3074563 11911929
14836092 13161850
11571664 3608212
5319118 5856530
7450487 16531097
4332050 9959625
1590844 8463867
10081171 3656389
4990379 9364247
11299015 16883502
12976226 13168644
3080568 14207789
15387232 7843361
4142254 12735235
12058933 1953455
6113006 13700096
11090252 15133221
10732879 293037
14569033 2128258
14142601 7424154
4565975 14615318
10446819 3999628
795299 14202972
4218957 3725006
4191956 4693765
9374424 15689357
8203730 1550394
13750657 15371
5891990 11195490
5676210 15887514
13965916 9089308
11214077 15762288
4115927 15622907
1798063 3320656
9629286 11977034
6505183 1630054
3545195 14527189
10219827 9820964
186343 9530447
2626631 11208770
12163813 5422776
6631931 8900834
16744639 1826212
13177328 15087523
5057080 12059011
14452078 4174389
6113772 714131
8132649 929401
9794906 6949206
16140757 1227128
9207848 14557536
1786413 11481739
13388591 8607664
4960358 13221846
8154009 10631867
137543 4119256
3821370 8199892
9101732 16707504
14513224 12669057
4587715 2918591
2203469 166122
2339202 1248031
5452337 14280458
9535165 9865453
3499991 10644545
11440114 9355663
10347989 12617877
1441387 4393168
7389255 5378745
12409001 13710423
803302 205188
104763 8935599
3738112 14751532
10883558 3999150
9926119 12589084
870801 14752891
15573979 6023419
