485
328210992 440834968
294708220 307776177
590282783 143810432
367753467 702794795
284301482 124789692
640326591 500700237
692880031 515044903
488629355 436999650
259028004 534293953
493352583 670712406
93984956 469600665
148214347 613938299
458506248 208110418
545115930 598180602
494438826 355816259
97433809 452414567
576215109 687585259
208183923 717229191
645285720 524661884
424413000 560111932
317114243 320195938
595549374 633488941
481148351 649330020
105963078 229749000
236741987 270903309
427479016 551035316
237768068 336377500
584609314 363295790
637230402 430402019
285822856 232033445
284018155 721165371
228669923 651163997
108872884 191390437
404097144 582333112
126331925 34862283
323793540 295361575
551295427 314486351
614829184 378311815
244034728 454346516
406484470 659902476
619373643 531821309
514697842 462483572
462088730 596657975
694363700 316808519
253743638 95011916
221620411 281616398
401054190 650784964
608658971 510727555
634090818 287219632
392642259 577638572
254350307 638077937
726735608 749875786
664992626 270178813
51578253 683801049
395933366 35786000
180777133 267439517
193585341 151084176
190087897 435799710
54531744 195942929
385302570 53796205
62185242 714322471
120881287 132243741
610506033 118927558
143717640 199711395
53371797 7153424
624951726 242037698
593546062 667106913
53748998 660290265
387177726 420573666
456934804 629940148
637898718 497628019
597719633 273582157
661035464 26835437
51606983 410695584
569135123 561831717
220054954 496754938
179349121 666045624
480732324 78702073
224025351 227481483
25318839 660175959
613520431 612907189
736252431 393816997
337651719 504658478
318815663 363131970
10478210 13599610
179391307 290867353
507061716 236075234
250859749 689385576
73112886 19869335
348873778 463470953
654015695 464493138
205353938 398311530
715340205 353382148
438175401 692522238
495413017 633373593
33522566 17063867
113785538 377103955
334169805 743072023
438095875 440127129
526989454 461433567
15436970 687815070
203392883 265744248
254029166 291599019
347013073 318658350
523111622 159876429
541083000 24261646
400030182 192408907
362566357 506581278
423060558 60426283
460299041 274811311
600560847 452997823
704865740 402707947
528191452 251862757
387984955 346799012
708587718 373651731
722442283 214893437
282027096 553889836
520389598 143518145
506223727 407495966
480246572 504602797
18527593 29023029
311243728 438698095
152448232 577655345
208026320 523193916
458793314 716948287
547327284 193900007
388737769 442669826
333338092 712658788
383963216 409623069
30559393 691337510
359698220 281500429
271219056 662387877
526033683 186146474
8325831 674015554
531389145 1083134
596604379 549546303
533074465 101654264
497728302 443007066
314850406 291050628
355682621 19776689
183285528 253245016
304606550 249482394
99214934 302098285
286774904 137433378
234561441 129688686
2740190 201229362
103354101 86316076
99525527 471296967
433359951 300347400
596193969 401551073
411962957 374123565
62621733 216462695
251200041 601764776
625022227 342749632
285936389 748669504
25678574 263791163
68527053 682928173
309236087 441384762
189190815 390928065
419524901 338438423
106833248 270966537
713268338 219479629
73657847 281779575
240115807 525491829
732426158 82413319
14596411 508727113
288202103 173819056
43126891 68365918
122215875 331857212
81371242 315819945
62679021 444244635
703121393 394268401
746890330 516100012
427347744 492230459
382556586 83398077
184339 215627644
185598139 445679348
438052092 339808745
271485560 539238612
602344738 370082802
113024121 157555619
189934976 320454809
323199179 594698607
731491004 460950844
492246097 9841955
57480060 335252961
255864589 318811747
625543556 514791547
525442357 677833928
589606252 287655824
217984988 87487827
17135885 260906790
534338047 499382965
28325997 417843512
424363688 487295723
112112494 196453957
55987780 388764268
559810721 185170757
482004689 744474733
391122728 480457021
74879644 97655859
624499099 447786623
103771593 332425381
712425239 446357768
18640424 85204698
747948304 33401481
150385018 260955999
298108436 250031694
292709570 341146503
524377221 591504849
741091473 119217305
82985678 267415862
103330455 444868329
755442915 377991758
671745173 699573526
259267351 262031688
113145910 385207493
603320713 228967948
630045402 587646847
324161269 12418838
417479701 752243152
714408969 490454800
275599033 198932044
147036121 566589517
727504615 33703978
183514228 558009197
399470724 114590365
711614763 16904217
213574132 360188105
253290834 318699101
572471182 40429933
473291896 358363877
721547170 531342573
609860602 8586976
439884477 743704584
24815668 465087752
524898475 126743742
513819661 223558
546553579 382456653
102651917 106326196
646192860 310835558
41948945 682178692
597610802 284628488
548928566 580872242
587323024 239920676
8038157 462273728
495150440 515209248
467749626 165858206
165990729 224908044
458259982 343171951
634086182 516617079
79102349 201698443
460549154 490807907
544701115 68835838
65769224 85708353
195200524 36633042
20168995 334321529
389643069 625661397
676089385 270557835
307577864 40262336
252628640 354365555
93742373 359247680
543238662 195906757
512417242 31174443
291064625 283615501
396210534 399181282
321789639 198652146
493728304 214776514
464385882 242871294
655606878 46188983
300653333 379757332
588291032 720875028
728040789 455245808
488499585 403438907
235848989 743327328
434039716 231768945
133533949 512880720
315112974 737291508
249972183 69391867
513699340 432786857
342489503 208915580
436601207 333075242
589906132 255888016
712549336 384572400
218075021 88731308
218368256 393936861
532950118 466552581
458674087 125526269
155987447 687670309
553420900 614287436
619058342 283495271
522988571 218328820
38450708 504910399
586112414 612064301
90278194 447077494
314371797 409260976
79998584 211421460
666538701 177942875
632676120 132710463
620738674 607547784
99075195 429216357
462638119 156105937
103905315 453320487
320971144 103992237
381364292 7408139
610979437 121036495
614254049 57923033
274563957 310506686
321505685 477175137
422602280 520339748
61659770 165334456
567888465 349029705
301109898 526595973
290649341 74616052
597974906 597215972
91171619 409572841
577890469 193015892
582715592 112222344
630276736 159796992
618411512 149641696
652845027 444656683
122675914 229768672
546456192 137186416
707066199 571285662
198718691 527951746
518091309 170880568
68996055 303737997
684097652 330002118
479518592 398374244
278346352 212680616
47022424 31881266
349022178 174603609
344207280 99020934
273222305 299483266
370021884 501601466
51479730 440351159
18207469 6951529
114243584 569746862
434138653 503090032
35062204 452183767
564384026 187952476
604345086 286648882
166865271 219177707
357507361 623410811
113683057 46218860
67738596 337146355
600940318 716543777
191178655 76359090
584414089 741574012
274858187 325120505
345942186 584328090
380387192 108702019
81775427 30963802
717560834 412301177
272591760 132016987
31133575 688394522
289022785 633463672
56452268 261935092
22511187 388381231
564558803 529289992
164555388 51679772
570775033 227424775
442827456 79171280
604251185 527710624
453206450 244520233
452037240 228275285
481847171 572781152
647813730 63253014
88984227 153297496
574820439 113716111
622670537 556799821
36383612 122966279
79908457 416397841
405746904 392562021
292363780 336362417
310196234 461991489
25613762 258694252
304089756 460974923
140971275 650652577
531114309 740167050
699023846 246272676
168803481 582418472
49036295 175728407
698218117 345257830
575745608 323331266
31658672 146881539
444241288 646868364
598385253 723239262
297074831 58101635
44645751 154269972
374897892 212746839
75834012 328449632
156690154 676450250
320907726 408725884
739927202 514209928
116990086 241536317
799608 126350191
362772044 424565968
227590886 472541988
618648904 151836445
725454772 697701604
582386225 591259339
153801622 457731533
51464196 607013998
24983180 397920813
163267750 213412174
541614221 362558405
372932014 447775272
220310035 61191234
452841715 249555330
240851913 626952887
151354770 463907060
457016730 166701482
698058004 129950084
101089082 344619591
258053172 574191130
722993859 139326106
468928729 41060106
754934049 87187686
351831765 478919882
9988235 389437472
380961539 436759984
98186059 210578435
466917781 154139546
22997058 292708338
748183056 439881626
388473128 717558610
374922409 624804058
522294667 705728698
202285322 363689946
42475679 496406566
152082460 544348484
584617562 173692128
385559440 404270799
269270677 456464527
252643923 183484159
52639514 584574925
233975743 387738138
493512987 463168212
496357499 718926463
190763539 605240693
306730202 518677932
356120368 298997080
132172774 173734239
457776520 51590130
148360312 284145910
272204133 59620939
258440191 636368522
549427611 71072270
510717352 134381199
27540640 431478093
128244124 409592047
572457913 145645648
391487146 491007204
234860997 254729686
550936750 728652953
6467921 597091615
455901866 449220358
578235621 286592091
275664208 538357694
94083965 293475980
337297491 258541947
220011066 87357120
416482859 422218259
508549742 231495027
132076116 717599979
6925918 460683181
267688251 386405084
647909252 605405994
281004866 532226303
102097385 439526734
110283650 587129181
520998094 60834959
250923135 242772928
86567889 344094023
342994182 429348743
540165974 400161768
684233939 144866282
156671567 384971640
485650760 403419863
692660155 30357892
515479124 280845487
21940196 17212579
37961698 240511420
711195480 168436352
