204
225780369 5007978
154124693 204321274
160267384 143247716
153144969 169738015
238287555 65791723
89267388 74959398
200772682 262492117
206401272 191874015
56153832 37787168
142778210 202878062
54495605 44237015
76020798 193654889
243615245 162195546
173546245 163815019
123955698 1179376
190303914 4451492
100221031 15408685
141351543 151304799
55003050 188012417
63934309 152876904
140386618 102365819
122820005 240939948
114585690 175832867
80398716 230906529
38967079 202057286
254945950 79507676
205550028 169170469
80531223 23353406
39142623 230871209
14332402 79380519
34856212 52258460
46916590 113498250
73427380 40900156
9056171 41616303
173557759 12215553
161473194 128630521
4106314 90244013
81489875 255783860
60963608 19544981
233386919 152429238
113052313 92136642
42557461 128950819
178283679 147923554
115130373 214220432
143829279 244193291
151310114 185348630
209773023 155037958
94032586 81565203
221586090 156655037
45222456 150496197
198786459 146434077
202080045 111291435
199731626 85366490
235504428 47460655
124514825 159278124
47409919 243899339
214848096 37592642
73193431 181820468
47166988 26970142
168110271 172899516
171692340 247191083
49729946 12898919
161156154 24387466
238719867 156154503
222682106 123130578
130427273 178362495
215172135 95402390
65706581 96747489
85811149 173090869
228964883 63916900
222383369 186472655
218040653 130856091
152000978 6951587
139942062 166510499
66648957 236676975
263039761 31471850
198224593 246399845
22426401 198569909
51807194 203368175
187038861 50983876
99819772 199048266
193656393 46826834
86254388 2971460
23022505 47053005
241757244 133906603
5397759 262723019
55286406 129244387
110098969 11473415
187130071 184697866
190850474 255435560
121564261 84321982
43184572 235486050
61471922 237733465
190383862 213774722
190385841 82970275
214311077 28996911
96151801 39237890
70671670 220284093
52926817 219684141
139770385 260689884
39042938 118783394
163782533 23902934
216960742 50732806
134037201 71666122
36043619 254507072
257873926 259975955
118708311 219082282
252563643 234065442
152748647 231271880
1860069 80013277
72235072 159396340
190881473 250270725
228649137 104471228
178393410 206788352
74026870 127341518
200801002 212301329
2702849 165544250
258540023 232501346
242988717 65458796
186175913 133862931
103473532 244870650
231083189 30344135
86922758 235765301
95969497 158084001
217434148 189596138
40449100 187828650
217999578 24674233
235473354 94188500
43540230 57693740
108200785 57867118
85433642 65699786
245626438 253792098
236136074 148182881
260704718 66291837
109830673 200305740
256301344 209398983
228965869 39472227
119129398 243835612
179134199 160265992
95820261 103264245
108247508 134118627
64972535 77356846
259673328 34638408
117605363 119116353
147637422 168258546
131342155 177283476
8200145 257817676
88652643 217275904
39572405 82485411
211004139 201832017
179651494 182475719
18453421 54688745
254592792 77251347
107870254 71996090
174710646 102450914
97565711 221519518
50900274 51149903
74746337 207608957
167753570 152112361
11548799 177905604
154035220 17768293
10214747 121401826
44909876 244261487
23084091 169832240
200608511 77901781
162262868 211680668
185622532 132145004
257892549 251889563
209402520 189395214
85399274 219323713
220409041 188301130
194218392 195194647
89441673 149468954
113782534 88256885
131271264 79164870
97212985 28489785
261836721 249662088
193556021 203259388
161024135 35060530
21527709 126638994
142212050 8608433
11264734 224757471
75063218 225339789
96768075 45668412
26041407 37186093
128714767 242842495
141520928 61427305
137069699 107450258
246628961 203393761
213946860 144970858
144375096 260623619
20480674 153123203
25982992 107735244
32399417 130275591
39609282 135095747
113791005 131611968
236013509 32441858
30301825 83033380
246618867 33743903
198078107 235992179
183129312 223149202
172926004 172743878
132323295 235665447
220091702 243098282
