537
16235294 37777872
117456495 60838152
15516376 75969407
35847398 141894984
66162286 124567554
87261644 15100997
161003020 100681806
11981798 93835374
106765793 93231563
186695537 82940674
165594003 142624894
129503992 183630704
114941766 61772776
118203993 181414967
9171326 172871702
49302313 19887548
146407015 111040338
110948612 86852262
35600575 100846813
7829685 50264710
163328265 27300371
185755240 8652842
118644700 143704647
94821559 182354130
10653122 61300321
128520896 146748885
95044705 147038672
110585403 30233037
60613131 66982017
113031072 24037222
152027201 74142382
29833986 3169114
158468824 12800968
25206857 34366422
180997007 53867867
92977344 75089692
145906721 171829567
159330150 153619839
123330454 67176506
178355222 72939536
79260607 79454888
128072877 10861318
153084616 20053896
94794091 115315957
169052069 159577586
87308395 187156039
69559514 127321498
66464738 22267812
173000779 1216807
118241897 67822279
160529392 148072791
184366569 40002750
46158627 120402905
4407632 8641394
113899468 102103869
105655013 45681223
129708143 73516278
37367094 162156809
47398400 115414156
44279828 78078394
106421322 160838805
51187860 7258286
115000821 172792334
45245565 115320805
177491612 14437578
123660730 63275714
168221312 14169499
33728372 20257893
122089383 53391564
47746296 86076994
125897793 15193427
63017092 43487859
142300412 186163029
28336916 96396784
19049419 160135511
59858658 156835677
39506939 115336434
185549708 101640391
104564536 46206974
51453107 52635015
83414729 173042915
31792136 68558549
159354414 1482770
178694233 142807096
61361326 33947697
117509577 138426702
132127789 5274510
111900118 21870457
118683949 36465274
21401498 59927308
165374508 45557815
180737844 130038821
25666797 135285624
72562398 110112389
56532312 155512275
38823311 12253883
2561657 174078451
46179518 79943234
48051326 43357798
109932422 50659907
48504308 144996200
88749953 146908013
176703748 93905433
24365176 125352655
22229661 41033936
12813044 53717190
19439852 69695007
187069704 49818603
53492092 35158351
62355811 64414625
183417275 72162641
24550530 116219376
43475476 54883432
32414226 161929552
144492892 85672579
95963334 50897322
102841427 2381555
13821792 88577747
167022734 154622291
180204955 145114184
41885700 113627482
61127073 184869621
89482635 136134622
126888674 182917741
129473090 39583398
22838311 26181165
50336016 159717795
165444800 97945840
99610338 90583610
29060837 151416055
100791779 158135968
40296903 135078687
71937114 83763929
25624085 111281563
7206094 58454091
35642024 158413656
180149008 22415374
57228265 90418493
12070285 66535646
141797642 71423720
178999965 171716902
37930534 36694578
181918234 84600406
79506908 181728803
120538162 12526078
91672629 10114070
49919856 109877915
153034786 159455396
184186507 112701188
177566149 71214115
69618197 35302163
131048839 53452964
58180273 50125902
108738467 81150156
137129035 57777087
91552349 66052759
55908304 29905446
78229510 56464476
81529959 134815808
82611461 72740125
17463501 140681176
68306774 102035182
109704628 94107527
64298260 120535860
24541467 151558839
146123621 132947793
14578439 92051198
165596924 134929448
38820188 77427928
112329104 44825592
129226650 4972308
27698511 53437081
48894994 8102764
163358455 149212583
134201991 131326564
177674828 173284337
163643414 26820392
145698863 139472936
40286742 155005859
98130292 24612042
30167326 98428278
107954335 41764021
28390872 64928756
103609793 85153933
89718701 133346095
11770705 93359196
184339721 164962631
80912621 182185282
90247544 59394995
133342010 13113108
175026224 10791870
1304313 26791194
24207095 58248746
131772482 30759096
76827544 42901238
65820880 129067740
168385393 128368510
41446435 54869395
171816975 62316917
155284793 118925923
59931710 121696616
152267838 84263244
155336002 41289066
72772863 52370463
183633271 88086337
33213951 85022835
36880057 57223524
77693709 26682775
47210794 67404176
152117429 12188233
35318441 163224983
53432326 29851322
176872960 96511347
102349723 146669301
103609745 157387990
32356829 81817795
44525256 143344108
35413716 173928583
139447190 173599427
41467721 180340380
83015413 94892943
4560482 57826884
180887107 102685502
145964537 48986463
81626613 168696261
173600070 172978723
75843221 113228046
117916462 156127553
154661231 20108911
87208266 5578368
153935119 115926807
140469595 180332881
7684823 71418128
21099813 51372123
75165053 85659615
119485588 58684358
2346907 179096277
85228850 25051082
142975656 46925486
60184828 10884550
44476336 91084779
170639037 37387380
178486106 108971177
66578850 104071749
26211153 182063519
48220659 47997359
7683746 53316989
174950602 133609552
147767005 160632775
132763728 23040251
82819866 11786987
160055571 144556717
10075840 154991667
15855444 166088861
124387219 85372773
108819992 169122911
14254262 147752780
58509401 46224569
41848662 137323031
95521491 136472093
72505043 173746317
158850900 179562663
14489982 136107236
64270470 79497041
12852339 90290730
152239187 45005698
22814717 24253310
135044138 73549878
176054583 114552407
147928308 46564226
4911238 22810844
26117002 66505091
57329263 146603451
122836619 102607742
118228342 30706493
77288545 88611874
88318418 30406732
101070028 167418804
41260540 86321295
124558710 176986943
167021796 15111429
154755930 74878577
128808689 52693837
133729563 17308235
120888972 26080924
153998668 117857514
170652240 71628897
83087726 98038612
55035712 186640237
38073196 86059556
157434832 75068697
117661261 114268332
49853275 76282279
139675 34691658
92388935 150136958
58551075 145067785
146617329 101465658
59872278 147380610
181983744 40365257
24022135 83079501
93715443 174653715
1780949 74577178
58103103 133716043
92359410 166189092
151429108 113218351
18888005 20761771
61705954 390362
118346387 102529773
134642792 78944002
58505670 84927858
72764661 102180753
81173478 89863873
171149745 44132453
56995821 170334074
161400153 75184894
43804694 153904935
171608231 168277585
145389186 44259515
159663719 71150092
62762767 16351570
149868567 49626031
109679854 53053517
108701195 84660767
136393820 70599860
104888244 116537315
159886025 142420855
177585394 16300427
180951378 107625478
187176252 81620105
11652997 74863183
77036930 154685863
157144738 67578555
120861011 135376409
170136254 75637881
78569928 93190792
134440250 12187487
73485522 166644217
50718504 132532365
155577202 38536579
165720876 124453963
185623358 127257019
54987111 136700546
183173027 55098600
117631029 169143020
49944410 26530284
4059017 101976911
68650451 65704695
139210583 116590264
95241248 26718896
68976839 50205185
162071723 61859737
59173193 137499178
23980851 19160428
110662944 76624189
166394036 70894733
186615449 130698294
184349969 152581258
172386268 172182258
153793860 13016337
46844664 95606110
60414989 48848684
53456603 49341948
123049081 11472192
68116817 185921149
16618848 162423110
21196814 43421297
51192291 37108590
169236068 143922922
114595405 126034068
40421399 26252414
7229624 75558398
18833477 109573398
80630077 39842768
151018015 60339639
29113159 137106902
128067567 93025352
125231342 130805717
80691090 177686842
136837228 145242450
187124916 109459165
72875081 138185346
116006284 60107208
153868744 129371801
160085317 151512825
22001333 106917826
103308249 132715433
146610911 60555535
123523663 97777391
147322963 8377344
85598923 174697865
177784292 75559132
28128020 68930177
26770677 127741277
62508640 59500270
15917385 45617429
56702518 168740757
36884720 68637362
151041482 180837106
146878317 2220581
66462641 107727634
14288799 95233229
31941559 40852555
181005355 9553194
81519034 65819844
108613893 134918585
107822459 160469040
158294345 182374682
34494876 4778434
36626074 13499539
90364899 135873545
106975622 120127001
101494414 103936354
155771337 151657949
122913655 73554156
107956933 152385810
56491202 43812517
183975890 120225142
68082055 180912227
82597531 124648330
162645956 168500560
174156934 57697761
88201495 78851112
81803175 123424421
65021935 79085921
162340250 22365430
38463671 136322942
18531443 41405672
92041457 24215627
185393970 121578591
61486803 113018295
3039077 50421614
67610544 123885635
41271669 85705094
63206927 84339129
97812174 101979729
93676887 150500548
124615562 3488888
181974322 5755599
167570470 547544
186592903 63174872
54827758 171964029
27299340 168427223
592596 56180450
51235672 133230147
162853008 56438138
67936699 117680399
108261398 90002149
160009526 137575718
44422811 76049726
182675294 21974355
159693799 150676941
70419749 48932323
56255255 29307182
162094790 4225200
31338732 13574491
20201935 130078307
43114784 110566424
86575592 103561095
103582961 149509113
126116089 16026325
187620273 32650980
154452141 27919669
178454201 18065448
80128287 142445928
58339083 81818806
61517133 110495796
44792515 82538525
90534903 25002912
39406169 143150980
149213989 40170327
155199502 149235720
33122431 473319
65061152 54518027
98178720 77727712
136597490 16316675
56373216 65265671
157543776 13225365
152612383 180183539
36752184 58587455
75860227 96766073
24646903 33798346
174795088 42692009
29715747 93410890
44855261 70973211
175713967 75541430
42017706 10317678
185297736 91715283
30101530 67857627
185555726 15123613
171871114 170880771
12198623 9071562
77596094 148059999
157032729 80950227
120372801 7686718
39351985 167745217
179389506 21663041
113049907 89020355
85179933 20505482
99929128 8258127
114781940 89086548
58507555 183566256
100943361 62264286
40654687 148183245
83986399 51987888
62231781 121242472
37183292 161828557
149231968 23809465
170719195 121678861
38479062 38970766
21470711 167221373
18824884 79771358
124417460 151353449
73130355 133608170
121497936 153461752
2378805 155263846
24529996 162679146
99425570 131851614
36932982 179836683
359323 108952723
64787877 131875004
121683307 65539676
25498706 87604949
90180612 606207
36405610 40144473
95993932 63047609
69485754 128225513
171070621 117217406
35154808 120470916
21500685 44095071
109362765 84843324
175627845 8675307
104639247 86614034
72051366 184172946
69400970 173140049
143738947 41360544
61884687 83891340
86494318 3554797
