695
371559876 150976926
258237768 137699383
193038542 294121335
16508421 265767610
93078611 95093023
603447294 171568629
598122922 280981641
141883728 292658063
57486173 545605019
228364837 574521464
255458273 398650377
339467475 432682173
172202513 142816393
295279732 34590608
634736928 67927158
57324229 197899134
112995718 474754897
394778236 56479780
67873680 439106397
26799567 191893257
496412532 334299830
491288677 385731500
603070134 420064856
610976840 19113078
225668136 348224344
73301270 557288121
627814724 557458201
471968904 443657437
590164376 37261815
60979708 639095838
168710124 26472897
234991276 378792000
306587254 461258469
57965914 513997469
171886160 525169099
359240917 545250039
435950143 171409713
467165501 181628294
143447833 46730208
282470981 146570708
250129441 19413988
616518530 218320129
123735307 317684097
134821481 452226683
360500867 617969901
80182177 612151814
584521679 185053855
106369773 512930151
280238443 638716731
12906440 22671927
302161307 224424746
119254759 546618188
179686951 367844194
123508721 61267125
534452606 363990199
269244217 542353991
513901831 71688484
501584497 617016341
366671700 240074937
560830004 564133739
255433062 243645875
571786223 124572737
268994810 542677929
424887088 53851478
82148321 577982584
444443644 547466861
546562041 102921055
37065143 183583965
428578943 568986064
575657433 20336433
75795977 176449187
278129278 313755754
42860280 139537084
622048047 542398752
399303225 202888894
616489949 481112626
143663964 519890139
54166406 68305784
226273783 16518514
435400661 124380285
151694333 297692068
416825924 501631348
123854184 539742871
590351070 387250769
98903678 596193151
431151831 118688376
154787245 266219935
240983806 163512301
610631356 159694380
445786 409564098
589972870 473294310
109306101 100094284
267485231 403553890
239421648 318420016
155943782 376784471
58888970 623837450
283407140 207916035
220172995 64469603
299832495 110363790
573060762 194656609
169865951 125104463
78345554 449093568
108741323 581251847
568242202 586893999
535033716 157324560
332776882 24611948
158405999 564616153
33848 403009662
322809697 9858119
432008315 493099574
385129639 358113809
289005249 446346987
593414732 607327250
359299753 26916501
133462717 597506795
125719837 592528369
102316381 95177372
245193972 325528687
239189780 76088377
155555236 391802697
305616421 457440681
214052501 545258776
211216220 492100925
140411615 185045128
497128634 248961088
453411304 34062959
232731404 308675578
188111446 327270864
198340925 83855975
80649037 509026703
8507549 612145078
99733045 535732392
26940349 534276053
411044308 69635258
352753467 392050429
174280851 73411350
259919034 580309541
630187522 275178351
481226228 8349038
198394255 113276552
528187959 155793367
470679802 128813224
300322786 298183589
583204834 270829774
140419812 425672014
92484103 345295251
236159100 307480463
69459921 151528113
291809632 189998428
469816090 273214487
595828917 380345252
270713172 101570369
70278888 535684549
89739781 185528717
137734276 284165142
186497136 245953372
58889199 235226109
299379712 120617857
226346301 202574939
109252147 576736227
62747783 21644530
317429011 142558373
129961517 272330414
129306078 365362058
344051770 543093628
431655690 99971908
358195446 256748025
331958996 175173967
320343208 266777021
2123481 296836408
324980469 255517899
120197645 494420928
477996390 320563179
535759057 206382229
211299317 608125290
349622601 54346459
182936082 153284228
134523523 379707328
286542739 87733986
338550453 52678948
74366116 138672159
374485737 78772278
435439531 179488417
314180411 511016262
222900818 173540720
518931515 482148557
105970330 241942591
605132810 87428579
264579124 581160740
275480268 124964445
409980225 129498279
539190386 534963720
488091978 77185807
553295337 630520643
195528883 66506315
542689409 80397898
583100824 298640669
46990488 238286278
47059161 483463157
230296009 179181106
456041867 57788945
327456590 160484021
489900098 29910907
573000427 461193178
96233585 445520005
177410098 218047919
91502444 283268250
144818821 64785365
547840309 380651636
361104940 33206577
128751295 126378816
290276730 196318278
180249423 467339684
590061646 458162352
325171849 560521086
534012940 283871411
61277601 607662831
155138637 204050927
55388931 152317128
296306173 374832094
593156944 300934853
219352105 19569988
181916651 199576587
140827565 196032287
577576212 428577063
165812222 610697957
638763930 537463258
560024343 279867876
109894739 536501829
569286177 415679098
16846039 406672627
373273515 270783362
666785 572080361
401606127 624633844
40345852 231038670
416476108 424431320
74683058 34935551
258459763 171982012
463106605 42946469
349642192 12035714
523625481 557033637
542809523 220387024
6981169 87786725
213064687 213927822
59828920 625154745
576771053 152748314
88928195 70398154
289844657 285928540
130732946 186978867
247791752 127733975
84407383 15075341
71028942 154080338
629842411 277055258
185724154 634666831
396997069 469607330
47682322 116651942
288179359 214552465
89502361 118601389
571563608 306473044
317637964 640051064
592628019 269943741
178388803 396283910
87858985 146951593
43355827 146977700
110559494 62610647
133000200 175444749
204832306 200263995
89778853 470635139
245058916 574702824
515798689 380219642
307069549 617549403
95616689 443190486
320183368 470983152
189096016 87529822
561839942 89575754
485220807 470385327
610152701 333297701
188082293 106013168
590344175 2649729
179975274 547144879
70271318 305595652
232119467 223835104
79663167 107508650
326683067 189758248
253641535 198222644
140530948 43191212
65210592 137449511
19690357 57474787
354240517 255389472
109208703 486866376
210176099 190656454
317404248 263800182
2807746 47989889
350669760 474078596
137182246 194311478
585096899 395945074
463916592 276176045
338316885 153352091
242343363 31560140
2795365 603939248
221481601 45940625
144684695 123870198
65736805 494436721
205995791 261746699
592810681 14733321
496432968 37474225
79140648 287043087
547441691 495106533
499504564 19320762
185282656 565871118
257687590 223945689
183241759 355536816
298733520 100347055
489556909 64090868
108167516 167505643
142867154 115666258
632940772 440024375
299126915 166825972
97348349 494299187
579379050 23810814
218942200 584617733
395103150 582048627
434528323 123804366
342745202 58441722
292544619 29599737
381286895 197624811
189876495 196395124
502043505 381922666
145609773 639270615
91806783 194316297
294513150 159292185
426358726 525057770
98184511 382185125
364650799 139210131
454669871 620972290
282313486 411072716
175511832 423286055
298540432 406930969
151543440 549410521
134504223 179075597
561518976 1937625
353391864 384170573
14630440 440359059
617323470 593328052
388969905 579814968
40936966 192510259
500523593 69131896
213966146 332363706
534683996 453314686
331084604 408793245
147571699 265492684
531401449 622802028
598372312 177512077
590675650 535629396
174653449 161931770
85167378 274986106
409518299 460522534
471148344 177700856
66696967 463880418
163519678 239296544
487024104 176193398
376910756 33877318
292900365 103605368
57742135 36040971
624630926 362879708
168537977 458408922
174306545 505250408
324533437 196572155
318049736 106381988
346650974 142628808
301892423 258652
526616653 156950646
222138450 616900308
295271941 172364046
193667789 504034111
345196089 179593463
180038199 97535164
103168424 23372001
566849964 169576593
94265401 73826273
27042128 468968741
155195141 141843516
91251568 464622519
391402760 295042978
619150199 218521158
590909237 538135493
211849521 501432504
581530319 313260355
575340650 374578667
628776649 453672732
30056154 597966334
168267454 61722749
614060725 83757469
469682435 174358549
636128272 325245700
521147929 90583148
91649183 436170108
171574132 50318386
190719736 348231221
188883009 307168416
400440200 211278172
128997906 616496056
212176293 583792168
313744309 387937715
40090132 83146518
546387069 487377305
207425214 560879036
479204331 386064511
500688434 51837479
468862111 407688471
638271129 204597982
19514271 154491264
226928019 48241455
552489003 334943669
203295833 518142730
378657719 465926909
199155563 23678226
35159424 97702662
502106888 42870464
476556440 608540379
16675750 456145877
298694825 214037016
387862288 279578733
288388996 454824369
58266390 133516799
267989554 186916056
101137507 518205109
518051340 452716086
367539182 159036064
45123691 332130440
165996264 49218014
157223622 143502106
318603062 175904025
77102814 294045494
394012330 564119571
120171393 176946933
425388394 529660289
40450145 331727525
579808164 153185414
228780128 202856128
168651694 325026801
125209591 338041660
462906267 475512946
519122672 40250419
31426522 131164562
131801305 488582815
5465453 382951677
363188381 49567655
603059107 358477436
60893204 197093249
486142006 11581159
338240676 421811117
535907866 457071538
452317041 380901
185938636 316075193
144362631 513098034
87467644 549567897
632039008 585179131
2111333 485125116
100580105 214320872
223369329 469740648
512450983 445219773
438248307 513523097
45897180 447258181
235173304 278782810
436506474 560153560
159160942 368041272
276444881 292959468
332912663 427916343
438802874 501042714
101204048 500946188
626375213 254633716
65516217 338828135
300969659 432759865
239498542 227330653
104143377 510124810
272652583 113419659
145610204 109080882
486062476 224224138
568166808 62900405
605135705 33224937
65751133 632387510
371577986 600325102
145505445 124303334
138965790 374281203
27126402 109454894
184657813 264119502
310614866 342866881
224733803 48851824
73542551 317530594
342673664 136689470
399299927 250319315
567822608 203831858
399746767 37321340
28662782 161589790
15923633 59923883
73714239 188710430
49436861 283571221
446565073 335395522
74551349 195389311
239780040 126066695
351296516 167688546
574114177 224213287
117077276 456883406
181019528 277759224
412965748 48162726
96187433 41420023
92891352 375901571
107400793 166094064
40779018 159798459
200397850 26139323
204167266 627251683
324656159 111677162
57337450 317244574
470796275 62634657
536536270 12522556
384761162 607571811
174669186 54846847
540456160 457734237
315447349 329606758
59852373 379035859
481734855 607201896
131241947 48964179
185986071 370161874
153334060 476729896
137858309 76330720
36506650 501656748
324148708 27909387
115465132 411969876
490411198 298750794
287811266 470464355
431186107 54471651
139554379 541148430
219684384 442319114
67126236 595860103
367054804 112709555
228897425 295499935
576188643 461308222
253871128 505178265
247639544 357351223
88407454 279815437
240422605 85378508
540350861 340137540
90149660 529054222
322983536 288766494
212008908 392472709
188796413 235196265
293111655 102942468
520696803 458149597
482375246 632835198
172832347 362594878
440404287 241856958
570229262 366826431
52861750 503915632
501403183 460308954
267466346 86153695
43723431 523140644
358019309 352907345
190500871 324441003
150224107 614254086
277081917 633781967
557473350 355001465
159740626 137408851
616904651 636981517
542359118 228494638
71169674 103162640
566453770 324771658
131988484 454263020
225478474 546532172
241206229 247101825
33585947 165231851
86630605 378225445
283442189 53831214
381864730 410352836
52380322 362196367
556657533 126646986
233725851 585630495
505441683 111221801
187869386 553935738
118888465 461189189
400767144 6928403
315678609 148029560
113981287 128060679
537200853 73174120
567761718 563900449
92061776 556593036
323232821 38558789
632218569 174990297
124038529 375815593
45815368 42000537
495618736 1615709
352646992 109715294
411206725 549034223
107541272 379640970
451850747 113018774
221963632 466511286
563948481 156182236
192373462 80143286
330087459 292212856
29213204 451021074
437053366 521539359
81922811 173793076
465311513 593613226
391601978 483946118
624383681 7080236
245615604 329153313
533416795 258727267
517927852 421877010
94067828 284147330
403680940 124407444
505295739 177401322
70549687 151742591
96894135 541248845
131452324 156699857
33378246 329074981
455364286 418973452
87912445 75697173
291757324 591444786
82276215 63463307
443141430 404709408
229999944 510054084
591150891 35930202
270126533 339053474
288594989 220161384
612476890 100943121
141796618 67073708
353315464 111985912
42521174 284453525
511779647 168210631
118568727 22613374
329931175 350464865
582222261 69697806
392127564 232215381
225811605 343307405
50556222 161778869
405997282 131745017
285703763 421269925
30028510 30493719
126223527 468111611
38643396 402044822
6026079 182704670
558910038 507519882
81594084 616892739
436776533 163774422
80838252 406066053
49105799 47133082
115803307 45686304
289022311 92814564
592515845 263402195
127867860 187128931
519573846 540387439
314610529 285688408
163198440 539547055
210792031 176784025
598914111 424876507
247593293 75330717
182722129 109190087
566447408 217845524
241663609 108389723
371208224 187892652
201814036 474374083
168171504 204114602
485281199 81063388
18702880 269241342
494033866 146379522
154106626 38911226
608496338 143375396
336471739 487341241
613167705 602475909
530050059 520440276
70090920 288026846
541903485 24991887
370306606 438361137
117399854 76294368
603265593 174213801
82115508 26494493
123518659 599871773
352302704 539114543
24307245 241240204
446542968 459196838
408165506 334580561
274273843 42829026
254544563 445888618
570531305 508002381
199200147 504284739
634110273 273154808
459700697 286589131
124290966 571390271
36001783 606291667
134125448 255455113
76823482 637433228
142511265 576690776
310722965 383779809
13254202 168210284
381453473 581100835
