765
295425877 231188742
9221933 227282509
18854949 82354433
222533293 143895144
61519580 204831852
3342695 52271173
158391292 283663836
81993616 145581910
29239999 75657339
286310979 290467625
23902338 104751081
60644699 144076535
9987570 30468091
14076418 65327286
231588189 133370689
214033022 37901628
257892546 133562243
228789411 315198841
117512847 254432166
170055210 59273354
116144200 215027318
90451455 41275150
97961499 91652943
30096696 256876484
65821117 112127486
254545313 28754334
80936830 166105821
182431909 86101988
157951110 67621645
171241819 106268520
291974103 208598920
276032830 254611152
225008397 272586616
136177328 278163166
187070905 184624321
109186173 212021603
127252515 285124065
82122965 309655611
279997521 284112169
12946222 56163401
273323431 99393483
176740724 217635597
34754095 238615722
133517235 211985697
125837410 123774447
308829553 30305666
76125017 305603606
58577759 219905312
266794196 21795540
178878615 210937109
32717933 92084603
93592306 265809900
236518402 130150121
228188826 38965644
221294540 130817780
256964399 31049475
180639566 26964245
197270770 260897294
47441251 26598677
49786657 18418368
2286702 233029067
282053440 23053445
130146217 129506735
14629854 118116714
130674932 108122852
18190627 152048709
252272837 172393548
31503858 251660538
163751485 40525708
45679151 262713877
16444779 262978067
161718815 194794480
79205157 36373163
234263913 300919434
186536857 244647851
308600519 158336222
244654120 200922444
310243349 307243626
55736351 98017169
278335564 268888281
255286746 60267888
73491404 220007165
148716220 257678631
102931717 296328078
224506715 293163125
263081814 189311766
93054185 162174704
195922979 287524501
259186124 82328919
111281795 25511490
152100671 205978834
270878646 120326254
157134676 287925331
131401551 37563540
98479134 192292473
67344438 134070691
298178828 37426597
58200249 137572088
277547964 96570558
18865373 15440754
226886532 114365424
312456565 224829634
50725122 261278199
6860645 253028781
35027364 294370664
245082501 38651633
148980967 265408134
31009323 236133317
271133735 112639783
137197699 77013119
157163501 170330069
270022804 208903142
141437790 221835031
32175719 66564388
46260928 75934986
202605809 163985362
236001300 199807663
266347305 43625049
269816183 78504389
86259227 60443626
253829050 282684265
25499690 157501902
197415367 55436858
165186480 218604256
192344774 278175182
209050222 76911824
9442373 59333737
145246818 237742659
4114355 241180053
282555412 178007234
133553839 225132088
203977606 223264697
6851295 200404473
14665745 152347277
202624614 228613823
284288277 52596426
102086859 242633427
143722540 251417372
96650407 270611911
79184435 38728372
40212762 128853738
232278515 234865558
130499719 263488508
297672146 102239484
205167150 158249467
161333177 302733587
10178233 30249443
179075771 35351575
211236010 93187583
76737648 139851998
183399535 145560130
298308139 63272927
106099718 308980715
96522126 252759464
216349954 210033637
164944295 230127097
151804462 304592097
271082735 175102120
244275717 316621727
167527885 290085172
38465708 58174913
209285831 130840872
43014606 17190502
205254710 75126450
100500176 231607784
292047586 239513627
168470805 5763151
215180609 31111077
230229917 154499997
46823923 28638026
306699484 239922087
22017610 185231285
274271612 230372716
131861733 239115868
267098769 106140915
81759357 185795891
220983166 282797861
137853878 50433037
315365061 33360325
13760007 66515382
165986659 114118664
100181349 144486825
41197217 96776784
133308034 185130916
99728876 186338129
256224076 8874364
226084230 83967066
148414455 244277548
209806639 189605198
103991242 37343803
212108101 101732917
248162606 308753730
88333957 286197647
2576890 66288420
158185051 202036633
140465818 226922372
261577299 70674888
298119255 230979933
159611764 198534717
166806758 126068901
217012285 263099983
210183412 70260741
202085009 66969476
274535298 49613724
307307799 214672625
83358577 33150794
218150310 200122040
164838645 179867752
110644497 9477349
182707037 196851379
86044467 248403705
23552439 97460055
211433333 237971118
183982074 223015347
248581844 277311255
266263657 12523455
18976646 13299828
182575775 209668171
213581000 257989157
107355568 258777495
154488152 132239745
36074142 276298565
255195735 189911090
63599018 192150929
111075487 37962033
35937744 268929731
41634886 90609389
12266330 276938802
268923432 106423861
224703185 63663099
107431112 120607598
273153690 199821011
182442168 154003859
127510877 194858200
26804029 287128705
229467288 231213603
76430897 85036103
205521723 234779084
255625374 195689517
227295192 85112098
212520488 135119280
106820375 204353195
102655406 297966258
229126443 196119560
69207379 175634946
301302738 81755102
123599433 221431081
311246283 121274893
295811515 132566962
297273394 160427861
299446699 113807871
261926297 299614201
74952159 58320728
24296321 146383716
302729259 254999837
30691514 256210117
271801346 287514652
273627576 281066604
185769200 194470971
27232293 99141239
232243110 85647401
230407542 228963747
40572304 226761086
162795476 209382048
235600944 93448907
183160149 75854386
9690793 110217651
93025763 115886919
185872845 277167407
29161531 174000895
15449250 265157662
296267308 80379772
303868613 214358397
144986590 159057957
82692093 90258572
250290979 279674921
100510836 159343230
169541995 23603437
1896541 4205612
58853574 63024828
117428650 85832151
31606414 31559414
128182188 71971779
302567522 286226762
240485521 129004955
491714 233957951
216979372 155764870
181337827 285572895
168334682 12333569
32254333 288236954
121195118 149829837
92720405 42098285
241708694 89271543
59133120 295730888
5333283 34897111
105786108 285791639
151854833 60901889
276222713 241283044
297442271 78546648
23792935 308977365
187124708 306860710
200106785 226010160
66936886 68107704
77380471 35703656
278950146 168994693
73908147 179698788
20407233 150360683
254058271 10890586
4416206 4599364
234192497 77067858
29271159 6623749
68949108 87456653
256172548 242436200
33620040 74505391
252873766 316819648
256226880 202907224
48348199 57314589
114013729 28871446
39343272 263226100
215415747 5670449
178814469 85522187
207284365 282950688
61397725 190460045
107211405 163287196
125895347 40313564
310673905 181528040
97817502 127223984
270071880 227942606
195713398 35923449
142512135 292701402
140151041 141734637
280850666 45685660
120683466 182814151
281033499 60774234
278208775 138523173
97387535 115932861
113853155 122029802
107982523 238565540
219045025 67622811
157771218 101962458
14814730 20635957
164025989 188490874
110160887 163133694
181689448 61061074
202104324 74034381
87694853 282194954
253995596 119241045
188171794 270214931
167154816 315459398
244111942 280528423
48058021 214905979
303111671 239747380
110435155 226361502
311521571 30989573
18033536 616455
216063854 160986563
113862162 297160687
105399986 25648968
21397706 72522223
53643232 198323825
144598903 223242194
188315521 211471346
137209867 143931990
183254407 33851076
93960918 189277111
292638232 31139751
257002830 212490960
198514331 4152851
295442615 57353303
309528922 265151582
227148311 228435110
167788275 182201686
293351710 299391799
134473144 8381094
70478923 5503358
143806952 262291951
287204775 270794141
254794656 208989578
285532426 227817941
247952390 13412670
183054796 158858098
174462290 237388469
38542961 194836900
270871966 8055494
225472469 288091000
280098219 284210813
296085588 273288311
144256243 143210537
203049976 162508711
139840992 145327725
85187561 148441677
42922866 295920342
269289709 284458791
102749414 5652477
185004038 114773977
205952437 40265425
283632364 155100749
178957857 63465919
249545715 69935281
264227720 154268648
135946274 54681282
33560230 21965621
221754172 209287789
229884104 296653279
158010991 301328307
13957390 74718632
77769870 24043239
220869399 167569676
63529845 119835923
50925142 280733945
93850755 314594949
145646091 197628056
150231782 64446543
72310238 297560063
57699177 102265741
182000217 78886353
63477234 292810888
3454864 254480241
139203304 18217712
313454240 121129156
311455703 298716439
165557786 163599289
199040657 89523077
276192501 51072260
255232661 208469335
269331618 69204017
86062249 272088369
181418319 116725565
191980211 162015013
285287262 84751587
173779610 93743654
59975052 48821083
50265989 44288851
266834720 143210261
165343681 215661921
123326983 107987493
312779003 7375027
275244904 34429457
20761723 120974177
171769597 216042510
257408960 107648361
135819083 244439387
114158902 216789268
70174816 142031203
131419703 228805735
20566835 59500577
209103341 196969552
62283136 39177193
116955889 94948012
168486267 298700548
36066454 114018786
156249335 269728405
115578590 137603067
130019854 48686299
79340980 138599114
316519880 1211966
89456033 102070893
121198897 42687222
208335486 281053591
284622009 276387251
53408695 162411881
204751824 42399768
61079281 86025931
83775185 203614630
256933033 96620823
114706159 18822211
200319030 100301618
165270293 48755174
137330173 189087553
173839910 16930149
148219369 32570130
210594234 110411712
221370880 72161381
80792816 210708470
134319691 74316065
71839542 194476347
84519162 244817629
241862413 37124561
253285627 14485902
49922928 161241418
102242853 114883901
223523758 65922228
308458343 53856542
294238569 25539451
86119287 2861725
217230435 227319449
312825902 193549483
108090917 41131229
248648341 20155992
189652927 199594366
213035942 4696239
65516838 212696964
980865 35840488
9118481 180897387
65194498 75850341
88612510 142267166
6006381 8179925
211685529 295500465
289992511 311033628
102503860 140526130
174060787 273091025
66229693 90779699
101375580 49725988
184233905 89118091
58949772 314371599
231618930 308722140
45619395 64175653
98924039 104016699
180704865 67236496
140493517 227991133
124754913 29735881
137573825 126768128
141226634 129055002
59601011 204764937
115883927 201721427
48067880 276085050
221970682 164578429
248290766 102214045
265832445 127213649
233960240 117861890
142815258 139635469
99518184 20585642
195616231 52785432
64701685 203103243
105080280 208249393
95020413 223600690
202507621 125301382
136087208 138286668
142237884 82853281
16737041 287318497
181542180 197879777
43554445 173450360
82870508 306271230
290488918 97279052
236418896 3179389
194716620 145382479
199657171 169006645
317170301 309257947
290336788 280653499
107247848 164410333
163324651 81890916
45700526 190562733
140755979 173566405
236385039 249242985
163471239 185070627
176727258 105151004
64522209 187617969
177820017 54100704
135969572 138005795
34134967 148266219
47264775 222873344
9421070 156445221
105865544 33060991
41216741 311078183
111694003 22821837
181847992 156142993
27865021 304227473
120829776 29894342
93672058 240748749
87454389 151986374
10389360 65724270
186069926 181092254
21794009 120079535
167907032 39984265
23799806 253801994
250037515 63245593
239436890 139683919
108036466 216248877
308086282 233760929
143389870 149996723
157350050 110284750
97415488 97520364
30249949 49991408
75003141 280050602
152104057 92231068
90183614 218336183
299371457 223985919
16240872 49922134
105511770 278205140
257403323 225948460
267126623 152199651
48931674 45980016
284738896 231012118
140872912 171349284
262485023 19229217
143266926 60504294
173883194 70893721
217000103 262080940
305381777 65592903
125668404 212804884
236298132 16461346
95585958 15437749
29475465 226385675
286396413 171612926
80986523 90994062
148852969 124040690
104910934 282248123
81081610 167444897
123170166 84316153
37537055 150881634
144569730 164332352
80562294 166824178
143669431 245366183
98761598 123411496
49106000 55680146
106066634 103567790
69415159 283128122
303307606 295067673
231221613 73466262
252596576 90643317
231864363 24908808
53664353 235742172
35089519 206349254
267117803 255389085
234852851 225178143
271445812 299354650
292140533 76273651
54154560 202278933
46106002 3274777
81819858 112360593
57380963 1697237
143689710 301700599
293086425 306370366
264335028 265461562
222395540 260658857
164341618 65639688
300609535 78812526
17463592 206298982
161842041 127687542
106281198 121355823
281231683 220028596
53756032 264232078
260581117 265603343
254101329 279415387
147328661 232415008
54540135 126348548
304509820 263023538
15647902 39262947
3479430 32236403
29272334 206345569
105981319 35131600
207026442 209938558
145445715 172189018
116222137 12555430
238818171 160729621
18951683 58215019
77566505 95274110
12545280 248200716
281076337 31789431
187329181 50528164
188764345 264514658
46743720 226092815
114416692 41457346
59959124 236270192
286519508 92986944
193784401 282676580
109379053 87725133
269824783 189977026
81509765 148281736
170470289 170971724
41722744 21812185
278657535 181173510
159599291 135807038
179587777 155222971
223248069 182535504
30369369 227162001
278549345 235130417
149428933 228578587
321798 46949517
34397627 267825545
71287865 294406228
103160907 24013382
36625100 107466652
148938904 298101035
95412661 160620727
293868982 289409246
41402934 245049572
234176999 238676414
105676964 143741073
179204077 181895575
45568464 94730110
199117610 41169369
263860048 312735143
294360486 244677123
303039128 290766379
114968922 173180221
302079961 79666586
111977788 203616974
149422609 292947387
150109910 16721454
58415351 69198472
97388576 133428948
207437572 108360053
131943982 279772032
82707661 10597412
144721387 176732025
47681268 187680544
106174874 263492391
87756317 54288529
201891127 297581128
231765037 47869368
144385555 306662379
104516920 144890656
172892735 286556184
116660766 64907645
223189880 81787428
235501746 85493200
70729719 63253141
114868952 152249510
284854850 316862086
49863009 169005937
262886055 203084631
76763133 283683656
310587214 279256340
256833979 19631745
10953076 281972331
238348655 53727929
313191088 140206818
201944229 132858400
23270119 78875878
204986209 37371032
77006194 40775026
69270861 5395283
124244211 206958223
153657430 178540141
87421085 89781941
56775045 100300641
253370996 254485938
268020346 107549020
305433570 16458517
48038955 74437312
312784087 59754252
177651772 188988831
206951898 194259187
94553736 154996744
260867169 313843681
190945539 269714185
161077787 158455119
86155025 309698227
190463765 274254587
252478514 106952898
241798719 123030234
197524976 247687569
246549296 191520634
84469389 180996123
65385371 46093600
226235132 17542328
301750624 109716121
187610515 19473076
117494113 53408297
8816663 142855297
39857637 661767
195592006 100786862
143597728 16690998
82463270 188767842
38794000 190535658
140857459 262260576
224353482 140437151
266402234 56514742
53422977 231793187
212741445 227286901
220942671 90416964
129777076 230216184
70595498 305514304
316146813 287364307
