853
72119133 85460203
32080966 31663675
31129702 44025045
9069252 54495285
86952722 10394568
66219104 67255378
12395227 1417791
84124354 90356266
42288071 66246404
83517030 36680208
38267864 76750574
81182740 65335890
81979613 28292483
46094994 44195423
87017005 55242337
10788108 20394143
54926740 65642530
69450444 25441411
90430478 26720765
85947106 45028667
33343966 53657696
25805272 16929307
1705401 47089992
80958617 54288941
64694655 77594707
86349573 71508578
87465164 74513232
88137441 59118920
66967668 10495894
50916085 13079310
21157942 87248998
15032286 74513570
26635123 15207275
70353345 8004295
69849703 66548344
61854691 55588043
42472081 71968110
9414262 83668925
16081565 23807939
54396070 28254521
45675667 90000384
73732053 46170277
43448129 5012685
28509421 9070147
50659233 26568544
17832035 49047397
71205995 1711068
601245 15492298
52331156 35807398
7071042 64351046
49909072 43615986
59468308 67609405
10446651 24689609
61522955 60479016
56876881 65846898
10193112 71298193
92892266 42248728
32925632 13031781
36609927 36165216
49102331 20101151
30932278 47010228
19265007 22993754
47000304 73757063
55693479 61315967
20886548 22800102
87135326 69359694
35824327 22007254
40401914 58416900
28221112 29356640
75290721 27149856
2846564 33126239
28613414 64837562
43481201 16171392
68275531 29722574
26435844 53694918
87331073 54744359
36167891 62311476
11422659 40296536
63110061 86891107
19575214 15599694
50308580 84720299
51214496 2972076
7994039 597338
48760013 35668316
50655863 4858819
90028760 73148172
85665288 29495096
36732627 2385521
18598680 74890556
80800217 84729824
57703170 42518605
13882564 11305655
80567217 59710459
72946031 66863958
61597809 11080961
76478658 63279689
43256452 33720689
282322 26814262
28807409 5228454
6767056 77872428
15966039 21232643
12717231 76808059
60584929 13374337
82031295 21967578
21370006 54721750
73005350 27778140
36591263 36689702
7794739 54783582
6295793 22259573
21593557 78213697
21382120 85845430
37894049 31259634
22816416 37423412
38660291 78898867
65398534 32601264
3706638 17242012
81419709 5637244
70011414 91755438
73901850 62868111
72061425 22759345
53115336 57849000
39854 70461638
26561013 9926654
38827236 89960850
24833520 31412414
80591128 58130616
43424352 57653072
46542987 34933830
52376200 23714500
73393145 884815
8483042 13406235
63767606 74253729
79633559 2784124
89617140 5141356
39915347 15179208
76130589 53056805
3878222 90220120
26241086 66054059
55873476 89840146
12105640 70588307
8003249 52269581
10730459 25364343
39118675 10476340
4732761 25929991
81085744 65991024
41691821 25711107
14033522 20083335
19966574 57810663
89423797 88579891
78544547 8110838
1502065 65192764
80662806 54286193
5637756 62565050
13707087 56072470
17136058 50689512
18850956 51675574
75579986 35802118
46185557 91845628
2975478 11363271
48292582 20078153
29482234 38665432
50319442 33121946
49386573 76374890
71966240 48348541
85636787 47360058
13960536 20822519
90844953 91730153
68440423 3099501
47266849 81947703
91478970 80599006
52486070 4773058
43031422 91168062
44965418 69373795
16605245 55518945
73123377 5708298
4194371 76896381
57699384 84180537
69934343 58767892
7516510 42078228
19606870 25521930
72391402 61998636
48611181 22189038
76901600 7365025
5564942 2192239
46073975 72826147
67414179 1565214
68922793 74227239
54423336 57319637
38930415 22566570
85427856 19732432
81284427 7795431
88976267 15524284
58612363 69655103
41941924 17963205
80395414 37363439
30313549 71239826
37993912 40176380
1596672 52955002
33222904 15530954
29484676 31403359
79325098 55574754
4975078 59799105
53447352 80226228
43805945 6073441
48345669 37367083
62635446 81241700
56153502 45829123
40468492 23672237
80741258 84741680
70612103 30233127
30236790 34308725
40311374 87523679
6720193 91142973
20739561 23774552
25071895 30777914
51854914 60808747
82794311 18567714
15892759 84213653
33024152 79431073
58238726 11104261
48074551 9306499
29399074 83184229
40226913 24265291
64381098 6123076
27352307 13986801
32056550 57362718
35639450 1210240
45264162 29429788
38660482 24616898
66884064 27816911
14670310 42653122
82605293 24278808
32016320 19328754
14715767 71927741
52278757 7669566
59367190 15541272
64849210 75960158
31710387 59942143
4980376 78479222
57554102 56318816
38666228 89440340
49227473 11312602
20661565 13854320
49541564 81564554
40032847 15498018
24295645 42226003
22688997 56247189
34180469 31692790
36959140 68795593
25864741 80657997
88949181 60351436
50936129 70678349
76323457 66928179
16161858 24029083
88061465 9605174
55478468 43809347
2074825 66078884
92217472 37398423
47864714 69068319
16948182 21282379
82663062 88508532
48632975 29649619
18508706 78580232
69193290 68784796
56496947 74442334
82529083 22820915
7241232 2096269
19855887 62517147
71178021 9051363
81420098 57299649
87565802 60518260
43912917 47048955
67471554 49482002
74268558 85017597
44963312 24287275
56156692 86572190
85813480 45592796
30399246 24235906
60877979 53891514
48874731 50406082
44264740 30619992
67263663 17275054
8335935 12363845
92710207 88195796
14025771 1616205
5859769 66214885
53838751 88162805
65404461 61852984
1155968 17749915
5248601 47722538
48788297 34041830
44612962 33723369
704239 82535176
86612177 17146755
38112078 74250893
89461013 85648535
75512661 77373908
22545450 80107854
67058090 16658884
79258570 49869332
73986204 22718840
9955808 50815562
18812470 59004566
58851289 23969439
53998285 28979932
80613433 92554252
37731250 58129893
89268636 89720376
21939707 30441422
2050682 22822584
12729874 71698160
42424812 30613885
56818 35358198
56365461 92095126
71120742 78739537
66834005 26489712
42669557 9688139
77542036 15379964
78164917 79307708
42581493 74401996
52370941 37439436
64128694 59439981
75023883 84398134
56856572 110080
55084714 51107745
48088386 65167463
52873865 67625058
74300500 310332
14071965 46961507
49612913 72694267
46695433 90778928
39663192 85552319
22094171 14406173
57874912 9024938
66993308 88099612
61438563 46181439
64074960 63530141
86498675 10478677
72580015 7536510
9696073 86213584
42905899 61803564
90622789 18863016
33083270 60032928
56361735 55214770
22292206 79685812
69908692 70724622
36077956 15525089
71638359 28285174
22688934 83757643
29542570 20356257
14344187 3831694
16195400 78016945
54036285 55276812
46030675 14440634
56945038 73692036
52653123 81652996
38660503 18962791
27649737 57251630
85091379 54422215
37975351 6998483
18458637 28276557
22273677 24987137
90383322 77011056
39461230 91818044
80873302 40530051
16730684 29159834
52725487 9283828
87756740 64514365
28598168 58452059
35338600 44876133
7769432 33404492
70291431 60464415
33266237 22482407
39545578 88820926
8136094 28534691
39518356 7190775
44707781 59978556
5108186 8734876
63320545 69752996
66053647 48948992
45856936 91094661
45090267 59344719
73576414 36096731
35744497 39258729
5790164 91525317
26906469 56287194
7256828 78367021
75428577 36503307
23164368 90300720
25614925 80358245
9335144 68769780
21723835 72511268
47770987 39107774
243190 723691
18884183 87497968
1113316 15379820
66053731 5739937
17011173 79849008
63085714 46716872
8534753 10749018
35946385 57491812
44967398 44655910
60450292 13501776
86105899 37394606
38024216 45750230
51409524 72024887
43092901 70010686
31215175 64123365
75672351 11625588
12173030 87097439
3521447 48659706
71781592 18529067
16831900 47945188
14335785 38779522
79741299 41473021
40628659 13238345
62565534 12150697
65074470 76186577
32537802 62402741
23070250 62955977
38949647 83577151
47514386 17698137
6779749 12426849
23136213 81727685
89105881 27584818
37651752 29476240
88341990 25465896
50696725 82587741
62874634 50154087
29904776 82328480
26184827 24022620
40613854 17445014
12578917 27503783
92142898 15132015
10311170 46065444
31558579 53433700
72061788 29363925
56499339 43777670
40608048 45042401
52073919 7392433
14454411 80585255
49168430 15416085
37951579 56038981
24711358 32290078
81565201 38035713
8004607 88468389
82424589 64933705
75937308 6501614
35727579 24507394
50032671 91625229
36143119 65472040
40601720 47664863
79064041 46695320
92060022 86986241
83377825 4654114
85626388 943179
47279427 37131560
62395104 13383327
82204870 51534361
114458 84044917
14423073 41077780
3553092 62080989
83454745 79724646
14620354 759331
12027236 50630534
62660683 79889337
16368654 2398862
66660625 35633798
70009694 23729970
80866770 30183030
21406716 12040111
71478461 20174269
74355815 6740491
34846493 24015512
68387129 42650397
36806218 17821626
82516795 30717014
92434521 50543920
1830613 22922746
67608832 26558766
65086935 32651528
50776985 75743561
35348993 77817268
32026560 11588268
80035903 56623224
58987204 55012324
10732365 9597357
4152496 58512391
43208362 74673812
40527636 33633885
86172999 78456158
9870314 53430175
45070332 56882186
61578784 75901489
58151236 9094913
34022925 44770885
4956525 14388040
19019148 61637284
20374092 9577676
45076369 33670855
92482023 82942913
45240208 56029456
54159827 86780147
67998154 56575671
19220361 7349612
44677437 33996954
56852790 38658955
82187241 68950453
90532357 8344393
74463104 2415927
30074407 87049013
9904607 23934199
83276064 92700435
87246771 51146751
2051422 9517238
4179124 25369589
17807400 55014159
38392925 31167154
54751119 8552834
48730818 58424407
35723125 74324206
46416590 80625339
59006046 70854386
34607992 89211775
2641258 44365386
26954093 42431874
8578181 41859377
56733145 37218995
28903718 33963830
35129141 40123991
28292247 64690783
12518003 61841038
57097774 37801630
64723203 31596863
1269136 73619915
61923308 48602160
91857815 5899619
40370083 30005530
67102835 28463504
29556414 19380017
62021120 6492562
2762390 38544136
69435892 50455438
56338859 83880836
90613766 71439353
4178044 32960555
74178562 24838359
86495322 75973227
90748737 23117270
78066657 40344116
32463685 91934336
86631782 13559339
24874837 84535302
38595259 88645739
21336157 12129326
86781852 4232118
69514640 63323556
14562000 55560265
1621496 63036026
92561989 84028738
15272396 4610190
87620315 34590888
80018038 25955660
2248456 74528257
39827184 4685518
19942613 62234080
25465168 21906042
67311909 23061027
14245528 72642682
77212858 30506385
27081270 80213194
10594727 32830643
54282773 31896087
59137814 79999770
42323057 3273197
56305038 5821865
83325551 20914870
30495982 25218006
47333751 71880341
88777162 22006480
2154409 89817369
46119523 10704593
65457148 27294632
89387027 82955621
37035201 4250083
3433879 51346466
60636956 50957997
79382648 3816179
37895549 33907893
63369510 59557546
22626966 19822334
82895340 20835257
64769478 56244930
75764164 71097204
54335172 66040973
82964324 1139226
2272688 84350515
19310875 15058846
1967619 52920112
65556364 15646271
15172407 6447025
38822656 83348159
45236634 66828246
9752546 84040593
34675215 71668197
61460466 90403848
5164616 88570177
39956539 47322904
66238693 37152885
65657126 80609429
20137 65655977
77349734 55138556
55696950 68168012
29677889 67628335
36451429 13323838
82999994 39407332
66905691 83955775
29773043 60396439
63393031 61113951
13373432 9328854
29733195 80267801
8305815 89433191
73484892 58743530
14891298 60825362
15579063 75265803
50922478 1354686
49887892 14725323
91808695 16670269
26759300 57383055
14928308 22682184
88978529 9424514
44884182 14689861
34474204 13863032
86986990 12227997
37050865 7616418
73306252 5225322
86170570 60194196
7443883 29972808
62330217 57316794
3515738 71880318
65324721 13434005
75057285 52798384
83922883 8264694
36424190 87329099
79563086 4318741
32066948 33399421
59110427 52584931
73723252 90110144
14831691 72004884
69417581 91842660
33146649 25684370
42667715 16839795
68328887 19279368
66140237 16953723
31175334 54685926
25284757 18676984
5745434 74469387
11908413 27572424
85560383 19575727
37092948 423330
66581136 84358986
75117932 75653329
37882748 49737188
23591523 35334217
15328256 39431997
17325935 49221014
66045168 70235057
51933675 28770874
50851318 49338639
23844010 80021827
89637383 17780221
49973493 36471300
7342875 85550318
45955470 19679159
80251351 33169736
29133876 68709807
90754794 63741239
38239504 7239998
48035876 587705
89264589 66323290
90833040 77863221
34203947 23339155
88752535 75908826
53608720 87300897
21895355 89598268
84900979 72339539
75476091 30490195
52631087 57253858
38799104 37657172
5082329 73714192
92444003 24056674
55405772 13989057
113412 30527652
60614427 12265954
40566442 79987900
73296030 28966366
73894395 5258649
49626371 77598149
73332259 79809870
91206122 59399455
35195332 50360071
8002173 40695942
60705986 51417044
70054413 9355082
57404193 14543782
28147169 84878533
37365607 18949997
90894170 18586983
64150297 5694680
57777399 49799259
43629832 29956387
58608607 23083198
81850530 38027729
63352663 55690486
65324437 75340262
74940005 65364453
30226820 88027659
56977137 64309969
32569444 1222671
77528098 91650408
13576839 84337711
31759341 17812236
39683277 83168054
66028835 26198389
56416956 31495776
42647630 16043775
1040529 22643882
73657483 55720677
15190914 70466924
73962257 14506292
23293122 58480784
92105414 61863862
91056904 13186510
2466292 4291329
58543755 57913932
68162990 19320428
76683453 36941472
76368873 6272025
91102771 50359277
64517145 68810935
31187070 88643899
58098000 27058374
13294380 62218416
24421963 18272621
68894356 60914630
9714623 17093655
71736193 24655480
35779534 60880950
68895246 63505236
13880254 26793306
70864598 1511539
47758401 48859596
85003584 49609862
30603449 33072427
18521365 28614763
61767679 67619495
42482828 75929058
92308873 54512051
41657287 76899122
62326813 38719555
10823008 26842542
26610056 90787475
55457146 44281670
58947913 80561261
43346238 42569329
42941605 43184616
66155547 47480754
45432277 2663855
75012966 12720042
8564685 26625851
9790487 38982491
16856569 54917488
6753700 13003191
56159351 15774152
65289494 91235042
42216056 60742944
57020745 53824745
61177424 92912298
51844955 92150317
69459779 89409146
83007214 54956999
42394409 29383196
91919228 18562846
88177923 50406835
27493961 29681132
12652639 520762
43827404 29962279
16908713 85280228
71109625 90114962
28624733 91787016
24013756 32866983
91443945 37119867
42534734 19057100
70572241 91309749
44659193 53948004
46483820 5203665
58450307 9576660
18813118 31281713
53945309 45809798
7321310 36814058
59843181 5703322
74664379 54967162
53095256 12516172
85379242 61569665
15564066 31624685
61737546 48868094
41474611 22730946
14698867 18865143
1648675 45010812
47465315 65229473
21409173 85084490
5821876 66955241
77231850 89806416
41372979 45762286
32246353 55154141
83478058 41848052
77987616 13364208
1538517 81170440
31589747 32088240
9860647 67620787
82572150 15610728
27343557 21027191
50071851 51339452
70608133 78493549
35622709 82359354
45022591 33337583
65046751 27140266
40389917 48641595
81096710 946206
75591975 51953660
46764511 24357988
58152116 68505916
10287995 86261404
16293203 70685949
62826280 87173801
87588351 23176020
7359054 78190302
9575773 48526152
19244004 42202412
52712960 51776843
14698125 89628981
8610845 68723069
34872398 16831399
61583483 23338183
40666551 21668521
72608609 10616555
2248873 42922987
43978585 64546522
1816229 24514184
71226591 23966728
30996749 11279442
69703511 41766931
79548308 79846207
