414
39323706 14570951
85925963 67380710
11772285 128617580
82377343 130414057
80200914 126343543
41152097 27853899
107564262 144105973
136930794 34747745
8317046 101318796
142421667 108095072
38383937 57235567
134061165 1162769
72988628 98450210
109002633 61384808
51843159 60180892
34517216 82634041
86925429 65660837
117083904 132256797
119292419 7272096
114695976 80876973
94630320 118018400
115152094 7375142
141322639 63793510
27519172 102670758
143570346 19393185
67117195 104704076
75590568 255544
21660064 135443331
63381491 100813519
8199544 75955002
136569045 119836210
143486432 104068030
123736354 22257045
54328519 44585554
92198882 42770538
115928372 39335969
56658710 30975478
68446905 60649028
128274393 100065774
98137436 133534220
92388154 74166071
101554614 104905618
69735803 16355072
68968499 140325333
39724556 82344858
111215626 124339731
99978409 137822686
71846766 7667297
65810984 84879543
6218342 8974103
100740752 65619605
30330350 42654550
48813359 67354753
12624104 65220188
37979478 143407610
26499534 14689758
99248047 61089385
123015469 139531201
99321808 70961413
113691421 82379472
70129368 41145690
96446621 24171510
1875983 121598767
144227061 75159094
57991584 23486692
130601554 144608642
142759485 114353082
69515010 95393607
49422438 97856632
54425409 970497
70627801 14107171
47263646 10839609
109114006 29219360
107976859 68267383
12494177 45631832
55660537 4593544
79998548 68516082
90297233 78655414
118920134 11348801
26583431 111109435
73724828 113638692
126076406 27728073
140290327 120456004
134367833 90115399
71851158 30145037
27211999 90544042
12015362 32475976
22573835 114657603
122383011 94717364
106912948 87400276
108193309 29666598
32634264 59245571
146081625 64399309
145194417 59790742
33147658 13363165
60543807 65092505
61211100 101404206
53267646 34569734
144468984 10208143
39844249 65077083
4873 86988775
76763131 29667269
27300675 85151458
49360281 79916635
114519647 144126423
89003687 28972021
127381959 36493600
56380125 85980865
123802680 71185510
27338594 36767715
119886378 1055770
75990686 84596502
19553909 115861008
22795096 99175745
75738770 10464877
20725378 52535239
3674497 6252801
16621364 102165453
13982697 30410688
78505441 103462982
566734 72430724
70435406 55912617
82234190 35941715
28354792 32205117
76635794 87583888
133374395 1014284
115762464 134678167
75913336 93859857
87723486 66173317
145505746 11725713
133494887 25292404
74140427 95408335
64989762 136496423
61157665 103612950
16692524 136272164
65332052 35782423
8031000 115487932
59810998 140871405
4778316 115218287
54068276 84184368
107526537 138010724
7399152 73772746
102513832 146400830
35275661 92322670
89975031 87030931
48252043 112036102
77548588 68494153
33158408 399485
129376322 29107961
21169704 74903383
89198946 114004856
137659675 23745259
67186605 12579072
117696431 131796039
110457373 16706184
117278526 89553298
98233942 32879344
47354319 106960294
95531587 136407875
33974027 70720743
13216232 37687712
96168224 64972854
147134459 120683897
61228447 30194753
75175900 12417062
143405608 72307626
63697518 73968226
39503221 51102137
49262505 62407156
88551664 35399137
138635776 104015518
142210632 35362038
20173691 136163173
81088100 33762891
108968080 115754982
88383899 54049875
86340639 22131476
108737742 46629391
99840075 146059433
104764778 110204844
38548800 40396846
3897138 47939448
71626452 55676470
96104304 78198187
135455760 28050833
40121254 12386411
75575509 87450584
40417714 14333961
102991535 60658923
67718556 97956597
107972738 129800046
5134153 100641063
95414041 13485108
64480696 68634214
80015903 99365620
133880010 118448344
65676189 838470
146539055 34664418
131727375 21481469
102115896 82121660
60167480 86548765
126181326 102462140
115812228 36043408
82074842 66015335
96613193 137980487
20877787 104581846
84193829 6454290
54604016 67721788
72068442 145813067
111653314 52506768
17211846 31110242
50795099 130366456
33808973 100960413
119313339 76322433
113755782 144515716
143919336 53754914
92975696 129220778
89140564 114030423
120042986 65182747
54021176 108304681
116772637 12242308
11370051 54193871
47575886 40930377
86207275 126910375
8969781 44711984
40754470 65587557
1112819 88288906
112936725 113984130
16178895 111007908
140577688 116882057
15202479 110004220
72091080 130307279
20472975 116871328
118184952 63855776
144110597 135190656
48795440 14767378
106781271 33294600
141894782 92003396
3755772 17476060
29382250 24755755
98337476 16369219
130461957 1576511
124719534 142048351
66726658 33985589
117637881 111634271
27261859 140175478
47966786 122102202
117449053 133934580
83976941 49199625
121981544 20925935
79958837 57911906
44209282 396303
126482379 63068620
26142689 18183269
124471750 23932699
4947094 38489731
117789177 35896533
39230070 66642452
13333601 22488933
98919029 118924872
119850142 66219678
1935455 56084727
85271263 16611131
128923422 55522856
2841779 125492356
13999651 122470309
37294959 33686286
118493961 61359283
86776828 60251527
42436493 9066691
99005205 59256099
146750550 144751120
111703878 52631058
38125935 3704558
57765824 65278392
34962265 9580838
115611728 128113430
68268571 32460893
29157128 144467338
33882425 71664233
38948206 146746065
18033121 127789529
18466547 136835598
106833860 32725547
120137665 110849326
47626090 102201164
137986441 87724493
83097966 14594210
80104649 129124371
123509643 98651219
13981358 126441736
99644940 125202613
125697393 128977298
110559257 108363889
125524582 147380690
82656641 53417216
59864751 81162667
107767292 36818111
3003868 146591793
36599608 69944502
117776644 136676280
103436845 100317828
22830634 56255396
120533123 54025044
25908761 40478341
65051471 137449417
93360228 53532369
120852211 56157149
61132702 30209205
52882320 113524471
144350363 12161
78683881 3391022
126477354 126018841
74707131 49568707
142775051 132498656
14938578 65654199
73468728 70358441
105621512 3724617
100086645 142599525
100165973 144864260
81119297 53030062
92237879 41374516
43340563 7369170
58314994 13697875
18918058 2515004
111947790 88306247
12756655 66065492
113661739 20625216
137224584 54665225
128220972 35312799
110268366 40350437
79463676 77098309
104985350 78037893
98291354 96759366
67854883 26365753
95096379 85905716
39263932 75761950
138462517 76562132
62764667 96251615
44562708 3036952
96401911 94318296
23608254 30562838
34484640 95881018
144206646 128779516
113163998 81010335
137223203 31454758
134898877 96651682
144657595 47858008
142190814 144497100
120745946 140197908
62187314 36168260
66953604 80076681
55048849 7649359
46879121 87398340
109629802 124879230
72342706 98393012
82694154 78418210
93309093 14941507
18815110 23016288
48559359 64474272
142046287 94881630
97404207 88070956
138585699 10904375
98601379 60000181
113031565 121228172
113862976 30607799
36506101 5648485
121109554 53131484
137050835 52198581
301521 19041281
51729558 66406360
62102945 74868678
10972819 81955208
50299878 40218958
142869010 17906126
56307435 60134289
4145988 66188414
2505698 23491538
1798260 95723336
15795417 11524638
131340108 68566492
70469486 135893058
5354141 109244755
62623070 125503103
59477773 65155223
146319374 31220475
100641533 57832470
131843786 107964532
88701269 73541088
11203001 68250528
91220001 97157060
77480828 108142328
124458324 93092709
95780018 34184157
26318907 32523948
142398190 59666529
41644810 110576959
139940386 41241043
60974050 20641893
89481959 95093623
22221865 40421154
38175196 27410188
60804905 62332505
29746561 96157375
97988797 76900313
62112256 135291863
10539185 57154594
87537829 78924003
43317371 43186328
33711135 43328985
6416654 28288434
146755310 43372199
125729009 25244965
109926926 36062093
