37
3053 572140675 951170152 213290265
513 670612073 217479483 291224283
402 921803894 727653493 274512414
40 13582779 0 174913119
20 1 330775963 246877496
39 440695195 871251186 439735700
32 1 0 0
10 1000000000 1 1
12 979311572 165395165 252676295
45 692427268 315951894 130298741
19 795774542 458524538 88617343
46 955116040 912248668 313849483
24 389081487 377812604 99198816
43 1000000000 1 1
50 901139573 0 944197041
23 1 299238285 548751174
32 784313361 0 420750311
22 848119167 0 864136948
27 88002307 98032055 31979650
11 657598890 0 388338492
43 927910312 0 704205935
25 811666512 441398643 257629626
41 1000000000 1000000000 0
33 1 807984354 364204022
29 944501778 0 961397341
47 1 1000000000 1000000000
41 723724527 45655719 12531647
25 345914324 180771969 334052846
34 1 914247014 284810710
28 606759482 380669657 134915429
29 101457087 0 63015468
30 182956045 0 627929916
32 273229656 841557401 838699
16 368786807 285050534 269710390
42 107591864 0 147663619
28 752737571 423650252 232581221
11 581601860 0 213004369
