1
3000 5
1826 1853
1326 2870
1586 1946
642 731
2346 2572
2065 1112
1079 1764
122 234
1561 288
964 794
2638 2169
2994 1506
799 1954
279 2560
689 2887
406 1211
875 1934
1921 556
1512 1410
786 1515
904 463
323 709
2941 1326
323 1756
471 2933
904 2784
1992 1347
1665 2946
624 2789
1762 927
598 1879
1222 976
586 1677
10 690
1109 1440
156 446
1207 2917
864 2397
2866 1876
2617 1254
189 2813
1325 413
2296 1929
2600 2090
211 1304
1757 437
1473 64
942 1631
2830 1306
631 2841
1959 1353
1680 626
2325 1812
1190 1691
1381 1171
1504 1058
780 1250
2426 2718
500 2187
2503 2137
438 150
2525 1343
884 2177
1557 166
555 1689
1696 747
2738 885
738 584
1387 2378
2847 2422
1251 1532
2001 298
1884 1942
2267 2029
274 387
2902 1006
2729 20
120 1545
2673 2469
99 1066
2453 1866
1958 809
283 2410
1495 2301
524 316
2188 1181
2191 275
571 2164
741 2228
2497 357
2689 1358
1395 2125
2033 904
1484 2483
2443 2644
2860 366
2252 1423
396 368
888 1923
1063 2852
2048 804
2823 1106
2484 2910
1314 1053
2082 1584
759 1665
607 197
1957 25
586 2413
2989 2036
315 2645
442 732
2872 2990
2966 877
970 469
300 668
54 632
2321 1163
2071 2030
2354 1987
1031 360
2663 395
1075 2875
437 2519
1344 1214
905 1842
572 888
2471 79
1239 1989
1820 354
1778 1871
457 2965
2131 2731
1657 428
1368 2998
121 442
2369 324
863 1623
1240 2951
1884 2827
2438 1872
972 2664
1455 1285
809 423
2003 1794
52 591
2481 2854
694 2710
1132 1553
1075 2671
818 1013
1960 1330
1843 433
2969 1742
1757 325
19 2225
406 24
830 22
915 421
650 1137
441 1341
1604 1123
1997 2659
918 744
1714 1009
2696 2160
1908 1043
1413 9
1189 181
622 878
667 184
2773 1282
2271 496
1132 1628
2089 951
2375 183
2920 1127
2944 1588
149 800
2541 2653
2174 2499
1829 2392
911 2300
1744 319
2201 1416
1002 1777
2887 1710
273 943
1612 838
504 2661
461 470
1442 2185
2060 414
1482 2431
2968 1412
2599 2780
1345 2021
2452 1956
2527 1891
2557 2748
1481 2248
1436 543
2652 598
348 2134
1806 1511
2969 2516
1677 2154
777 218
2491 1142
539 2856
2541 639
621 1979
2030 797
232 26
2814 1076
898 1858
1543 455
1189 2938
2395 2334
2656 748
1768 2804
7 2526
1432 2381
2193 462
1895 1694
489 1068
809 1109
1856 424
2295 248
156 43
704 834
2626 1950
706 607
2395 2492
919 1558
1747 2102
2012 1826
1543 1279
2796 502
1290 2759
571 2465
490 1222
2986 1244
650 2904
1963 2020
1197 2859
2570 2772
1382 1739
1629 480
2203 1308
2162 2840
2170 984
1400 1039
1536 474
245 1339
972 2474
2454 1514
2991 1270
759 2871
281 392
2946 1355
1368 990
1399 1314
182 548
1860 327
2301 1242
2809 394
1250 523
2002 500
777 2012
2529 2235
1089 7
1063 2686
138 1128
1 1868
913 163
1518 1931
1999 2662
814 792
2498 2848
2548 119
2571 525
903 1381
727 2928
1961 1402
1080 491
2796 651
311 226
936 2889
1512 116
1791 2087
2658 2773
767 2006
2035 247
645 73
2896 2011
781 1291
771 2585
1940 1146
2253 30
1556 2037
1525 362
2162 1323
2541 397
866 2190
1295 2259
2490 2391
1036 1526
7 1595
2290 1910
2594 993
2256 350
2174 2876
1950 131
1633 2880
1089 2934
1910 2834
2813 536
1339 114
2242 1990
1224 361
2337 593
1892 2466
1341 1441
751 115
794 739
1368 2312
2959 2993
895 1680
2390 97
476 2629
405 742
1092 441
1451 652
744 1231
1512 1648
1561 1706
1463 1210
2890 1064
2689 1177
1092 2803
1722 11
2417 2459
614 1067
2268 772
2251 1559
2302 126
127 1799
1615 894
2480 572
941 2847
2680 2725
1526 1676
2065 580
2917 2307
570 520
1881 475
2492 1902
2947 2234
2623 2855
1366 148
2020 128
2645 768
2448 1717
886 1315
429 1888
685 1350
1979 1294
725 1690
1280 2709
2238 1781
2796 2799
2648 484
2613 1735
623 2408
2234 2473
2486 2407
878 1426
692 1225
530 2017
1703 1807
733 1277
1057 2326
2312 1686
1032 2000
2455 2615
2769 1641
1090 2779
2799 1494
121 867
1219 2435
52 1449
2699 2388
2421 2396
2962 1782
2237 1348
2880 2798
17 2712
597 2826
576 2926
656 2909
1342 1338
1950 1281
1722 2354
2491 2369
1360 452
1714 2824
357 2778
919 2071
2036 219
2012 2674
2170 1535
2512 2156
688 1172
376 648
607 2197
1785 1379
2599 3000
2428 1297
2722 2825
750 2039
1846 574
2139 1266
2139 2775
2686 1400
1864 332
1637 1176
1866 2105
1612 2085
441 1102
1207 337
882 2008
565 2925
1515 656
1547 285
359 1166
1303 2576
242 2975
2599 1344
2508 2521
1913 758
607 1263
2917 1590
1683 223
2525 2610
2905 1040
1303 1387
2122 2986
2658 1153
2866 1374
798 1546
1860 335
2227 1597
2793 1219
1064 2828
595 940
1402 1697
2265 1480
19 1652
2566 2053
2832 2685
1055 2695
403 1143
1111 2533
1786 2726
188 2352
2985 46
846 566
2040 2722
476 906
1160 290
279 869
1681 515
297 57
555 2504
450 726
1631 1844
2151 2052
722 2171
2665 1752
1579 137
2042 1030
1492 2613
1509 99
724 1984
2478 825
1834 2586
15 1394
1554 386
245 1624
2920 63
769 665
2356 2927
1445 2217
1478 1396
2979 2056
2302 61
2663 1568
2268 2577
937 1305
2923 1905
696 986
758 2271
1528 1614
2985 2977
2417 2571
2374 2978
504 300
2571 168
2481 133
335 134
1579 1561
2131 404
1757 1503
1000 649
1426 2143
2990 2420
1706 1852
2726 2193
755 2940
1463 106
678 550
2441 2760
2040 2563
856 1451
1366 771
2306 334
572 2145
1808 957
2261 1789
455 2101
108 2282
410 1510
2139 426
344 1483
1969 486
1400 1693
1867 1005
405 1993
2061 781
2633 871
245 1918
2775 2831
683 866
856 2964
1167 2309
297 658
530 237
153 2447
2111 780
808 841
706 679
2366 1806
755 1633
1826 2762
1381 2502
870 729
2835 190
2325 1316
471 526
832 1082
1104 363
1079 2491
2669 436
24 2702
2816 850
817 132
103 879
834 1083
2203 2498
2896 2764
2561 1802
947 561
1957 352
786 1349
1675 2462
2886 1465
1383 174
1882 1070
696 1967
51 1375
1997 2918
1434 627
1121 1548
2203 2836
2844 1610
1706 1289
2918 2569
1860 1745
57 52
2809 2639
1701 2669
1104 2808
2353 1298
677 495
2915 359
1785 1517
1463 2549
1888 31
2430 1055
2640 680
2837 2982
619 2383
1399 564
2186 837
2882 2400
972 400
2495 1238
655 2885
1023 2842
575 2620
1382 1978
539 2118
551 1700
1323 801
1540 498
421 2822
575 2025
841 2214
1872 1803
2356 2503
767 1851
1580 1602
1205 1630
2699 2897
545 1466
1247 1399
376 2394
1321 2786
2739 1186
1631 2612
1926 2038
2364 2971
900 1454
2238 1034
1155 1645
112 1165
800 1487
232 2355
1386 2665
1505 2590
108 2140
713 2330
863 186
978 2732
1300 2638
1856 122
410 2648
2202 2051
2990 1495
575 1290
2664 2283
1210 2240
1872 2176
800 2230
2330 1407
758 2698
1929 915
825 887
418 2687
2512 1659
2333 945
2629 1442
2727 995
2941 308
358 966
313 2955
301 813
2082 1472
1958 2264
1250 568
1019 2279
1696 88
2910 1139
2899 49
898 861
1425 1555
760 1490
87 1688
539 207
425 829
2003 1837
1880 471
2130 208
1055 664
2226 2506
2817 2439
1478 2792
1522 375
978 2180
2857 456
2020 1529
853 938
382 280
780 1114
2851 1708
2578 2419
1342 1565
1976 1069
1780 2864
1716 1169
229 2657
437 2932
810 60
1842 846
2267 2997
1580 1044
1940 1542
2880 121
946 478
830 2089
1168 840
2687 1459
769 623
1638 2565
284 416
2057 1618
111 1620
2948 1864
1933 1758
2763 2507
834 2558
182 1846
2108 862
822 575
2979 969
1345 2258
2548 2227
2361 269
1686 381
2835 1018
620 2532
545 2044
750 1121
2169 235
919 2768
2678 2908
878 1332
1175 860
941 2589
2860 2146
905 1873
2048 170
1238 1608
614 2302
1532 1240
87 1247
1031 65
2457 935
1015 1329
1069 90
2513 135
1913 952
614 1619
313 419
985 612
978 96
528 725
1678 1094
2863 2179
1576 129
457 1525
623 2438
283 444
1600 145
302 2417
913 1672
418 796
219 2583
2667 157
120 2680
316 790
335 2860
1974 152
2813 501
2990 2250
1023 2952
2130 2324
2653 77
1516 28
257 139
2818 2062
524 2743
2295 2231
2681 17
1267 1753
2529 2568
1036 538
84 1468
2924 1755
1528 2428
2837 273
1637 1867
1024 763
1719 1467
2224 537
741 705
1517 1856
1791 896
702 1615
1565 2580
1366 2802
273 331
1842 2195
1906 2471
1947 16
431 902
1649 2637
431 1982
409 1261
1483 2817
647 824
2067 737
1136 1336
2453 191
751 388
1002 1924
1234 596
2935 81
2806 268
1926 1539
722 2026
589 2621
1555 2913
2854 2386
2608 1762
1365 603
1193 2426
777 1593
2634 1224
1089 2194
211 609
745 338
565 1320
2887 1327
2593 798
981 968
1642 101
1036 973
2111 1016
2729 521
1905 786
1190 1346
1525 434
1930 683
631 2484
1703 660
1970 1191
1909 1457
2806 2183
48 886
856 1302
2513 2423
817 1936
1957 1443
2125 2892
545 2122
2163 2647
1321 1698
2745 1772
1933 2959
281 577
742 1958
985 941
2322 215
2032 1419
2623 1141
2521 2801
645 278
2432 1635
1554 372
2290 415
1550 2103
2337 292
2806 1654
70 2919
237 2063
1167 309
396 459
1785 684
128 1820
843 908
1412 2209
2948 980
1505 557
781 666
969 104
175 351
827 600
2935 912
1888 393
1846 2642
2261 479
442 1023
625 1768
345 2347
2149 698
1533 1746
1031 2232
2476 56
1866 2851
886 2255
258 1117
455 2306
962 695
2813 822
2633 2034
832 1209
2038 1456
2526 477
841 2632
1944 1999
1669 2445
316 439
1303 2627
2443 71
2821 2343
2902 1640
416 1639
1742 2256
2214 1784
1337 2878
2602 530
1155 1775
1977 98
555 1699
1483 1932
1744 2985
535 195
2040 1421
1453 1091
905 2427
2391 2360
2652 294
984 522
1015 647
1057 2322
742 1972
46 2425
36 2109
2722 1992
1733 1591
2428 1685
2823 2239
2924 2943
234 2677
2067 1286
2057 173
2848 2719
1657 1571
1435 979
862 1533
1911 2740
108 2930
2252 199
720 1601
1969 2756
2891 641
2191 2561
1687 2896
301 646
655 1930
1010 125
1762 58
787 1907
677 2126
2916 1212
518 1235
2492 622
2899 36
1794 1062
9 1260
175 2443
2386 606
2125 895
1930 2460
2614 2292
1299 2336
1489 1795
2330 403
1944 1594
25 83
2208 2337
1193 2198
2548 1159
2385 761
826 1664
1434 932
1921 608
1946 2236
2827 15
522 396
2009 1464
2809 539
1689 2371
257 808
915 124
2594 1317
2377 527
2212 398
315 2867
589 2929
2945 1824
1882 482
2609 2966
1402 2023
1733 1020
2072 2605
207 1045
1921 120
2678 1432
1023 2444
302 2903
1265 1848
2917 1104
811 465
1794 1656
284 1671
1866 2393
1152 70
48 717
2604 2884
2686 2132
824 2540
2386 2245
2158 93
2773 1369
2602 1499
1769 2945
15 2573
2391 2915
1967 740
2640 2055
285 429
2566 1696
2611 2098
2854 2050
2177 189
163 86
167 645
2904 2907
2151 1830
2986 2839
2497 1731
2991 1798
227 2274
2147 1060
1118 2947
1204 2944
524 2976
1430 240
2557 1095
1517 1318
1947 1145
1977 1890
234 2304
593 2515
1495 322
782 2821
149 2767
1698 2983
1842 823
1337 66
2272 92
720 1367
161 2511
2687 1757
2385 1870
2936 1509
936 2960
2591 2083
688 848
2155 1409
1665 1230
2296 1253
51 2995
1570 1488
2593 1650
1323 2265
2221 2901
745 2691
2915 2807
1629 1832
1680 1916
1950 2608
2452 905
2438 560
822 1226
2441 481
2032 839
1455 944
1709 1386
760 1417
2664 2357
1000 2074
698 1268
357 2151
2282 18
1980 1518
943 2266
1522 1552
2394 1988
1525 254
2498 2315
1135 1889
252 2166
2763 1883
1152 602
2169 209
1746 1088
760 817
1895 422
2991 1962
2347 2032
2337 1816
844 2554
1570 1813
285 2752
1555 1000
635 1476
1823 506
229 1733
2052 643
911 2981
1 2057
2575 2201
50 2769
642 2734
2573 1232
1267 1722
1373 458
1807 585
112 2246
2687 2598
2471 2120
692 418
1391 1373
1660 756
1686 194
258 2084
2526 1152
345 1037
1683 749
359 1563
2570 1184
528 107
1019 2508
1207 1105
1727 2257
2170 1228
1714 2421
1135 2123
2495 343
741 2970
2887 1543
2196 545
421 2868
432 1586
2282 1148
493 634
1530 1256
1732 451
1637 1200
356 722
38 1414
1967 373
2830 1017
2160 2327
252 2367
2362 691
1168 407
2769 1981
898 180
2640 1453
2839 313
1540 1649
2937 611
620 2697
1829 257
2353 1036
759 1609
2163 2490
2755 2273
1528 2753
2968 2581
2051 2268
1501 210
1164 2636
2779 2545
1265 706
1999 1199
942 674
1258 2597
1003 2675
2555 631
1245 348
1515 1072
2240 2272
2857 1474
2839 701
450 719
1118 2175
2755 1185
880 1995
632 2518
1344 663
309 916
1557 2747
1638 754
281 1642
1160 692
2051 789
2527 513
242 2188
2362 2184
2441 1493
1730 2495
2480 378
2546 1458
1825 2303
2718 2793
750 2705
817 2380
2567 1825
1022 27
2060 2373
999 738
1004 553
2890 2470
895 1903
888 443
937 1031
2653 1265
88 1564
1290 2082
647 1534
1908 287
359 177
650 1575
2793 2501
25 438
2738 864
431 2261
2696 558
2821 21
382 2816
1299 994
2727 765
304 1048
875 1156
1796 546
499 175
1576 766
1260 760
2454 1202
2321 1115
2445 1052
2574 389
2891 2294
1164 621
1435 2
2177 2704
2196 33
2367 1554
2602 508
1197 405
912 2467
1821 74
132 2810
1438 597
54 2716
540 430
1234 376
1652 1216
2208 1617
597 2365
2770 2972
300 1766
9 618
187 454
1541 828
547 675
2677 1065
2814 2290
970 367
808 1129
2243 900
2221 1007
981 341
1566 544
1833 1643
362 1370
15 2097
622 1585
2899 2076
2321 2364
163 2152
1761 1737
2726 959
818 1600
1959 1138
2418 2805
1779 535
2339 807
722 1732
70 1537
2905 200
304 901
824 2609
2593 1014
1164 1107
949 2595
1980 2135
2143 605
2361 2555
1219 2815
368 805
642 1843
685 1393
2729 1436
1881 1445
1136 1481
518 2251
1536 816
915 892
1847 1885
2569 1401
499 67
2638 929
1112 1835
866 1751
2358 1463
1453 2967
1796 2263
1716 385
1428 2124
2082 1251
455 2701
395 2729
843 2168
1515 37
2477 2178
1669 4
2330 140
513 669
1726 1655
1536 1512
504 1857
2799 1705
2890 1356
839 1531
2653 1008
962 1841
2481 1096
644 2727
1339 2155
1395 1636
636 2005
2558 2207
2475 100
2832 565
2075 752
2860 149
421 1933
1135 724
2484 2528
2285 13
872 1815
1681 2226
1337 2346
2491 1377
2277 1793
2354 2751
888 1486
1631 2356
1190 1004
886 229
17 2953
810 2318
636 2117
2507 253
2218 1450
1943 2739
683 1310
742 1380
2962 1354
1805 2368
1683 2578
340 956
822 785
2010 239
2896 1378
1489 1991
1727 1376
2426 2723
1290 637
2574 1460
1390 1674
286 923
117 55
1055 138
570 2829
2673 2249
2960 2219
572 1622
441 2429
2686 1897
814 266
904 432
1911 304
2696 1201
2015 1951
853 2064
2732 1408
808 2161
1940 2339
2529 1785
625 1452
1326 488
1112 2363
2578 1303
2002 1154
866 1566
2952 1351
2609 2651
1325 2984
1445 2525
1761 987
432 541
1644 661
2573 2920
2212 782
1052 1854
1061 1727
1395 2288
858 2592
1081 630
122 2200
195 1057
2970 447
2234 635
2736 2432
2009 1274
1239 2390
1162 2114
1430 1301
1779 2587
177 2557
780 708
1283 155
180 2254
2946 1158
1019 2845
2775 1382
2495 721
704 703
1761 2260
2187 1801
161 745
2364 2066
781 1032
1701 1292
1351 1740
2959 2819
1771 1928
363 2002
1904 2921
320 773
790 445
1162 2562
2918 975
117 1073
2162 2409
1413 1901
2035 1392
1967 1155
1706 858
1121 919
1698 1605
1386 250
1633 1819
758 1372
2261 1567
2067 601
2851 2738
2755 751
335 1248
1118 1670
1677 2157
1689 2059
1969 281
843 704
1829 2794
970 2604
1425 1050
2561 1278
357 2791
2290 1952
416 682
2844 2035
1929 628
1061 1822
2630 1886
2629 505
903 264
1518 1500
1100 110
2727 1056
911 2865
918 193
2923 2797
1926 1713
2693 1299
1905 2721
1960 2741
2816 283
427 2119
2456 202
2214 1909
1530 2480
206 2182
1245 336
2354 942
1063 2670
1017 1193
609 590
1224 576
2208 1581
1834 2267
1082 1869
273 2399
2681 1178
2872 2216
559 391
2364 762
530 893
102 1963
1391 2765
128 492
346 2244
1644 1657
698 1218
7 408
851 1998
1974 687
442 934
2453 2402
1048 2873
625 1217
150 1097
2911 2641
1204 2496
2005 91
513 1273
1155 2153
132 2513
1018 2624
2009 1234
1824 1589
1574 2654
1547 1029
2072 1160
1075 604
946 1101
235 2914
2923 2024
1003 880
694 111
2012 1206
403 2941
683 2746
912 2899
551 2149
1326 921
2374 1703
1250 2174
2339 258
1980 2079
2149 1662
1299 427
2699 2452
1687 2728
2147 2475
50 2461
1100 2814
1345 1959
1481 504
2477 2758
1807 1434
2513 1780
598 1761
24 2989
50 2582
189 1877
1641 130
451 624
1821 339
1524 873
1681 2463
1247 53
1652 700
490 1086
631 1734
403 2795
2051 2270
1486 2939
656 192
1746 1887
2333 1190
2038 1838
1081 487
2048 2487
2191 1364
782 204
285 1538
19 75
733 874
2375 1845
1674 2682
2457 1814
895 146
74 2350
1796 1269
1574 1695
1898 261
1892 2139
2201 1385
947 2673
858 2846
1856 965
2614 2072
798 1492
987 1760
1814 1912
873 2749
1633 2524
1778 1573
1791 1687
1576 2457
775 236
405 159
2212 2376
987 1333
2471 920
2935 355
700 926
1742 2437
1280 2366
2642 2720
2224 910
1910 826
1931 1720
2508 2853
1864 270
586 390
1977 2477
297 143
1820 831
1265 401
2656 670
2272 2370
1082 2543
2089 1075
2324 2988
878 1945
2989 519
755 2850
2969 2619
425 936
903 2505
180 2869
2952 2320
2608 1634
720 2061
2111 2551
1811 928
947 1502
2071 8
1369 582
24 2706
2773 2690
1660 1750
170 45
1566 949
1833 650
671 1971
2944 2493
416 2574
2736 2877
1240 2045
1080 317
2187 1448
2172 2456
2952 2404
1825 678
2061 2683
1806 567
669 2536
2546 1484
2267 1638
819 265
1412 1578
2395 2014
964 1243
279 1580
2369 1747
323 1391
2857 872
1960 2902
2234 384
2611 68
176 2067
1002 1239
2227 476
1210 2547
2361 930
2160 2510
819 2162
2072 136
70 169
696 697
725 1071
1518 806
907 1770
1410 6
2673 1834
819 2310
1566 1287
1914 1491
1776 2879
2377 2342
211 272
2282 2486
1705 728
2240 2167
2169 542
1615 2221
969 2730
346 620
1532 449
2844 1661
635 529
1727 117
2861 2387
2455 2389
1680 819
2366 764
1323 1724
1259 2406
2177 2341
689 2553
1645 1433
2569 2761
2638 1446
206 1612
839 571
825 2863
2158 59
1523 812
127 1042
1238 1715
1259 1473
724 329
669 51
1872 346
1788 2345
2566 1272
1069 1679
1431 1592
2665 2049
1081 2600
432 961
2430 216
535 295
1847 1562
2736 1621
1541 2906
1018 836
2503 2441
51 2099
1109 2328
1391 746
2271 2203
2633 293
1199 1384
2131 2253
2036 1098
799 1516
2302 2277
1162 2633
1875 821
941 2660
2457 1236
188 2338
1486 1926
167 2078
1776 2077
2861 255
937 40
84 205
2614 1627
1997 711
794 750
406 460
150 2894
2521 233
2155 2106
2426 788
1845 2979
2508 277
619 2882
2558 2916
1878 2809
2910 1283
2015 1976
149 2858
1788 2942
1239 503
2959 2374
2476 1994
1744 693
1382 95
1079 997
2002 380
127 2314
1283 2584
688 2830
2324 2866
1685 1203
172 1179
1992 220
1922 644
1750 1406
1557 2455
604 1521
362 310
2669 2344
1257 1599
2174 1895
2770 1125
1612 1829
2240 1996
389 2016
2779 2900
2237 1943
949 779
2066 1611
1958 2874
2830 2607
1369 1974
1732 2707
38 314
2183 1498
745 1678
2915 2319
2847 2212
1572 1865
1080 50
1814 2238
112 2361
1061 2192
346 1915
167 123
2558 1551
2476 1646
727 2628
1505 1368
1971 1707
410 1331
644 1046
2034 473
2567 1180
1533 2949
177 1119
700 1965
17 970
2060 1337
862 514
2985 2384
117 2065
1641 2735
1410 777
425 2349
1946 377
451 464
1686 2667
522 291
2555 712
1321 2883
427 2890
2861 103
2779 344
1530 833
601 922
2918 1424
2042 599
2664 685
811 1415
2438 2215
1484 1149
1245 32
2966 1028
2611 1135
1991 1765
65 855
1979 1078
36 587
138 2096
176 118
1778 1197
1880 554
138 2285
1205 2980
513 569
851 578
2036 2165
2265 1010
964 638
2202 1313
2456 1894
968 84
52 410
1556 2142
2665 1187
593 917
1117 2631
1017 212
834 989
969 733
1270 1759
2984 347
2484 2047
597 1719
1117 156
882 1828
2061 1262
2052 2305
2143 2857
36 1860
1084 108
1991 1839
811 1786
99 2782
1629 2599
1947 2948
1771 2811
744 2335
1685 356
609 1293
2630 2297
601 2046
2193 588
2525 425
1325 2004
1599 2211
790 909
1978 2262
2253 2453
2738 516
2075 579
2346 2552
1295 2488
1649 616
2503 2027
578 1429
999 467
2226 767
2059 1397
1646 933
1747 2650
2981 2436
1604 411
2272 696
1646 1220
1894 2835
2366 1667
79 1587
1659 2333
1295 2678
2575 1161
283 2191
2312 82
356 2688
1555 2113
1442 1968
389 2121
655 1041
87 2790
311 1797
981 1874
862 1748
2726 2018
175 1461
2356 1405
1904 898
1674 1395
1493 276
2322 2158
1799 1132
2557 10
2455 1818
620 382
2005 2672
2570 911
1586 1663
1543 676
1696 105
918 2401
2003 1362
1168 2478
1906 2912
826 1833
2367 2080
457 2405
2512 1899
2010 619
1066 1026
2546 2286
1314 962
1501 998
2231 2385
257 1549
873 1357
1270 2329
1533 435
943 2138
2937 2001
724 2010
1645 2649
1638 1911
2256 2115
2928 2634
88 1157
315 1893
2218 2430
1794 1957
1807 2482
2591 2886
451 977
1024 2144
1390 2007
1771 1024
2608 1809
162 1673
1678 793
2669 2170
1976 1371
1493 925
74 284
471 2541
738 1325
1056 2622
2863 89
1768 1540
1004 625
2526 2635
2680 832
438 201
286 2905
1374 655
2231 868
2197 1246
1811 2276
2600 274
2575 2472
2947 1194
1251 1919
2623 1779
1511 1174
949 1791
65 2630
1390 1836
46 1120
1678 555
2059 483
1260 178
1898 2379
1251 1284
853 2991
2183 946
702 160
984 592
2125 321
79 2924
1341 2181
340 2242
163 1523
1931 2088
1257 1738
1410 349
1442 167
700 851
884 2703
1780 2974
1270 524
2242 875
1152 224
2276 318
1197 244
2769 2957
1084 1651
2763 231
595 2837
1413 2646
1971 2776
1504 2015
363 2766
1547 2308
578 1681
102 1233
2418 2293
177 791
1537 2411
2015 2415
1492 1051
2573 2311
1451 1741
348 1425
744 811
2214 1124
702 2849
528 673
1814 1469
1032 1884
1752 533
1600 1904
2478 23
1103 78
382 263
1580 589
1641 1881
206 2958
488 1660
132 2700
912 672
1687 1513
2578 2534
1826 2818
1806 2783
2265 1973
1574 1524
1881 2931
103 889
826 730
2718 1087
1040 1960
2490 1917
1880 41
1709 707
2847 2922
2677 2325
2188 950
1484 1208
438 1319
313 1776
1111 2159
2527 1603
2251 799
1017 1840
2172 1140
46 1736
1909 2872
1092 1276
1642 1701
2394 409
2981 2141
2277 1001
936 2128
1685 2724
1586 2530
2486 2280
1492 552
2832 1749
689 1712
1434 172
2033 246
1709 640
2477 2844
2645 1090
2390 810
2617 154
1524 982
2648 2281
1387 1718
1600 1241
632 2937
1516 2823
499 1606
188 903
1234 1900
1978 2923
1136 876
1300 2372
369 636
1022 2316
195 2542
1432 1363
559 1576
2391 1927
771 1726
1365 1637
2276 958
2911 12
1922 2173
1426 412
1540 1150
984 963
1412 614
1511 158
1884 2043
2042 1478
1657 112
875 1022
1175 267
1946 1207
1677 1811
1280 1949
1730 1937
2775 1227
2394 991
2295 2340
2428 1616
2186 1519
1509 2013
2693 196
1489 485
1431 2537
2814 1388
2251 2269
985 2987
2445 2556
671 1810
2143 2666
2667 2994
873 1505
2367 2094
2928 1147
1646 1771
1090 2416
1214 2222
624 1361
1818 1430
320 1063
356 271
120 573
1698 702
2256 1847
1219 187
844 2133
2594 1921
1204 417
1821 1264
1978 1955
2916 228
2944 1167
1387 2224
2910 852
2425 1438
2147 1920
621 299
340 1288
2564 2446
2353 69
1867 1804
189 1704
799 2058
900 1275
2298 1080
180 999
1247 472
841 1237
1970 225
2231 364
2901 85
1383 171
1705 720
2818 1259
1909 2022
1199 54
551 1527
2071 151
1894 420
1070 1986
1191 305
2432 2833
284 243
1004 2442
2946 2656
2689 1360
153 1189
1846 510
1267 221
1526 185
409 1118
1504 2412
786 2220
1428 2060
1769 1085
1799 710
409 1774
2186 2202
2421 2529
2995 659
2498 42
1010 232
1642 629
1833 859
2108 1182
2196 2973
1214 1340
2358 2284
726 1195
489 1821
2745 147
115 1625
1726 2692
2271 1271
1719 2213
2296 2275
1501 2891
479 671
667 369
1425 1223
2432 227
1360 1574
1010 532
946 1111
678 2715
2848 2108
2492 1966
156 1528
1805 1077
540 2745
2005 1882
258 617
2936 883
844 1522
1864 1015
242 2787
1445 2777
2375 2820
1730 1626
1811 714
2298 1093
1069 450
942 256
450 954
2626 44
825 1038
1523 2770
884 1134
1526 2418
1550 1557
2486 1501
900 2296
488 1783
1762 1168
302 1054
1943 845
814 2936
2122 2717
1716 2362
1523 1144
1976 654
2277 2755
1930 549
2172 815
1561 1122
99 563
274 1964
907 1334
858 1321
2066 2538
344 778
461 2494
1257 2093
1961 2069
2238 2736
1428 1800
2629 2450
2333 581
565 206
713 1607
1943 2332
1999 1577
2776 1961
2604 297
1000 1906
1003 1447
122 534
2984 2969
2764 2241
187 1079
2030 279
2571 127
386 1089
1805 2040
2160 1796
671 847
1222 547
2667 1398
1205 2163
559 1935
1373 29
2301 296
2817 2208
2951 2054
1438 2711
787 3
162 1969
827 162
1056 1267
1908 1716
2732 509
2656 2131
29 1192
1478 1365
427 610
880 80
2362 19
2882 843
2322 342
10 2616
1660 784
2928 1035
1374 2679
2835 735
656 2611
782 1790
546 34
1556 827
2658 783
787 1944
1342 2479
2663 1170
790 727
2324 967
546 448
395 1012
2911 1908
2569 1489
1808 2116
1570 153
619 39
2197 1131
2224 311
1733 2652
1104 914
794 2289
1565 499
604 2042
363 842
2268 2295
2945 512
1344 2382
644 613
621 2655
162 2031
2564 1675
219 1204
1892 2788
2979 1983
161 2229
2937 1322
2010 1116
2163 2603
1066 586
2369 743
1199 142
1769 1444
1845 988
1898 1345
237 1892
1052 1997
493 1682
2066 1100
358 1427
839 399
1436 2881
490 776
500 1658
907 814
2347 2317
2960 2073
1240 1647
1537 1280
1082 301
1032 217
479 723
309 222
1979 1730
547 2189
1645 489
29 87
1914 2861
1351 2243
2886 1823
2032 511
645 1482
1224 2500
2818 2398
800 1914
1117 1335
810 1504
1944 2544
2034 1880
2202 2733
1537 899
2478 2092
2374 466
2851 1173
1070 1175
2642 1947
1509 262
187 2961
2680 330
235 2130
2490 2668
632 1520
54 1831
2745 211
386 803
1599 1221
2001 1530
1339 72
726 677
48 365
1258 891
1565 2451
968 2708
1599 1258
1875 2476
2567 1418
2600 2464
726 1817
1516 312
604 2838
1453 518
1438 2843
2793 699
2617 358
172 1074
1669 1183
2652 1196
1103 2206
1208 2713
1701 2992
2285 2570
2108 2785
2306 2375
429 14
2739 996
2962 1002
1381 1342
1015 2313
685 642
578 507
2882 1925
1894 657
1780 1805
2059 540
2966 2626
1992 689
1386 2588
2452 2331
1495 2403
1112 1390
1824 1255
1820 2699
1103 1788
2776 2535
395 1130
252 890
2994 48
2981 863
2034 1582
2151 1485
2984 333
1473 1827
2454 1428
2035 1205
775 328
2339 179
518 2520
2678 1773
301 245
1040 1850
2924 2567
2347 2514
2448 1249
1971 1027
2430 2800
115 1229
1825 1725
570 2689
1383 818
2604 1025
2872 1352
698 2591
389 2623
74 1583
2630 431
864 2110
376 402
609 2481
1522 1164
2823 2186
1451 2111
111 182
968 374
1929 1721
571 2806
1963 260
2764 736
1486 1312
1604 1898
1111 2548
818 2750
2848 230
1991 2448
1283 775
304 2676
1048 320
872 1019
535 1213
1799 2742
830 203
2681 2359
2920 853
153 1711
1726 1977
1554 2351
38 2353
195 2517
2739 1366
2591 371
489 2956
344 1328
2901 1475
2970 2148
1066 2205
2038 252
1674 2150
2475 94
2574 2485
576 844
9 1420
1090 2291
962 1295
2158 882
170 242
767 870
2634 594
235 141
1341 1940
121 1021
2377 102
1426 494
437 2009
2902 769
694 1728
1109 2693
488 2091
1210 2086
429 1508
103 2497
2325 1061
1435 2617
274 551
2089 113
1399 2523
2218 2559
1167 5
2187 2566
1808 1970
1974 188
1374 1113
2995 2247
704 1403
2020 1941
111 2954
1959 2968
2221 2440
150 2663
2951 2658
311 1669
647 2781
576 924
593 461
1888 595
1208 2112
1493 2196
1768 2714
2839 2287
2827 1544
1779 1110
727 1359
115 2033
540 1863
1786 2898
943 2763
1705 1855
1882 238
1895 787
2030 2068
1675 2041
1788 1413
2421 1439
316 2895
2968 960
2866 653
237 2579
2718 1560
1473 2796
846 1404
1843 1629
1189 1709
2995 981
2443 2377
2916 2218
1052 1496
1040 35
2253 2757
2385 1913
2886 1311
1843 2888
824 718
79 1151
1070 2210
1532 440
870 302
2052 1556
2183 370
1175 528
1400 2512
1579 1849
1024 2832
1056 1767
1970 2606
692 2204
2033 1108
57 2100
2358 326
1064 2298
2226 1047
2555 686
2065 214
1722 2107
2312 2299
1911 1975
1121 971
2227 931
1160 1702
300 688
1933 1666
2497 753
1823 918
229 820
1455 457
851 1389
29 1296
1 1099
2904 759
1511 1808
2613 2594
1259 716
1517 802
2951 715
798 1948
1214 1980
677 2252
1402 2614
1481 1729
1665 2104
2960 1714
1905 2348
1746 1572
2001 1896
1222 2468
88 1103
2648 345
1649 406
1659 2522
1786 1437
913 1507
1818 2625
219 2737
234 2199
2904 2223
2770 1257
1300 681
2386 570
598 1470
2970 2527
2901 559
172 1878
1742 774
2799 1985
1675 2593
2880 1462
1208 830
2130 1754
84 667
595 2278
987 2172
1659 259
2301 315
1550 897
1057 2233
128 303
546 1536
667 2774
1652 2414
1845 109
2561 1092
182 198
2564 76
882 2935
2390 1126
1750 2696
846 340
678 1683
2989 757
170 2136
1360 2539
2188 1541
207 615
345 2129
1193 2433
2936 881
669 2458
2891 1875
2722 1938
2475 1455
1524 1479
522 1049
1482 1300
2448 2962
2193 1744
547 1604
2776 633
713 1862
65 144
1823 306
1369 953
2947 1723
1878 1059
636 2754
10 1136
2346 937
1483 1497
1238 907
2417 213
1732 1653
1314 2127
1436 286
1847 161
358 694
2242 1133
232 2681
286 974
2507 2531
25 1198
386 1324
624 176
1906 2684
2764 1547
2201 1084
1260 241
2285 1252
2626 2618
1572 2862
227 1763
476 1307
2057 1769
1824 2395
635 2321
809 983
1747 1081
589 884
1904 2999
2445 2019
2507 947
870 497
2941 2323
1191 1596
2905 734
320 1859
1750 1598
227 2075
706 2434
348 948
2243 379
368 1033
1132 1245
1878 2424
2854 1471
2149 468
1572 856
2456 2081
369 857
622 2893
2642 1569
2075 1644
751 2095
1048 2950
1100 47
2837 2996
2986 249
880 490
1689 955
864 1778
738 562
2863 1570
1931 913
500 1011
2609 662
1373 1613
2817 353
1752 2147
2948 2744
102 1477
623 854
1541 2237
1914 1861
1432 2575
2521 1922
1430 1435
1867 1550
1961 2601
418 383
2693 795
2634 165
725 2911
1703 770
1615 453
2425 307
1818 1743
1351 62
2252 2048
1431 2454
1776 2640
1022 755
2677 1215
461 2602
2945 2550
2306 1792
1018 713
2197 2546
872 1692
2645 2771
733 741
2155 323
1064 2489
832 2812
1258 985
2243 835
1365 1309
1752 1939
396 2449
1482 2643
1834 164
176 849
1910 992
827 1188
368 2564
999 282
1191 972
2821 493
1913 517
57 2596
2816 1787
1644 1953
207 2003
775 1431
369 939
1963 2070
2613 1632
2122 2509
2425 2028
493 1383
1875 1668
1922 1684
2276 964
601 1003
863 1579
771 531
769 865
2480 289
2237 2963
1084 1422
479 1411
2732 38
2994 2694
2827 251
2418 2358
362 978
1719 1162
2298 583
3 3000 1 2 1
