2000
2073 1096
3783 2866
3539 1505
3010 247
236 2090
1029 80
3169 2606
1199 3949
878 3167
1946 3933
2538 1826
1174 2179
445 1568
1585 2100
1456 1742
2339 171
610 3057
284 3035
3576 62
3853 1421
1305 3480
3867 1143
2399 291
487 1517
1175 1407
196 2241
1 2120
3319 2872
716 1710
181 3556
2667 951
1611 117
752 3221
61 1965
819 1100
3283 1668
1767 1570
648 3727
977 1119
2712 3777
3237 2551
265 1583
3587 2445
850 48
2592 3258
1538 3467
3642 1082
136 872
1175 3462
1169 3880
1163 3189
981 3916
3257 2930
1403 37
907 159
1653 2799
3066 2645
2375 3598
3529 2099
3967 3531
3798 1146
476 1640
2804 3270
2882 634
3299 1786
2746 2175
183 1400
2200 985
465 2069
3794 924
2261 852
911 610
2515 1340
2154 1050
335 1553
6 486
1616 2684
2960 1561
492 2179
787 3648
3662 2940
1996 1383
457 3962
3650 3746
2825 1425
2477 2640
543 2426
1550 318
166 3426
1391 2128
3761 1284
3893 838
2049 2279
3617 3261
2692 1832
1942 1137
2157 381
1 1132
2178 2751
2172 2363
634 3782
1364 3126
3548 1505
1798 3055
1945 3854
2948 3036
2922 3990
432 253
1311 3359
406 1915
2899 3171
3552 3056
563 1708
209 1728
682 898
3233 117
2971 2899
710 2541
491 244
3066 3768
1491 2090
1932 3894
1878 3401
1938 2069
1514 405
1777 2551
794 1389
3210 2888
707 2286
1506 1737
152 3920
517 296
3545 905
2947 1254
681 1930
3010 2571
1576 3860
436 2272
3115 1494
1410 2805
2441 990
130 1186
3590 1725
3590 898
567 973
1772 3328
622 2602
1457 1926
1728 2744
1229 1168
247 116
1903 2473
3394 2440
1497 1352
2303 2571
1046 1297
1543 2505
737 1958
714 304
828 1
609 2596
3185 3238
1663 1553
539 3841
2044 2740
3566 955
1809 857
3232 12
3161 3257
3299 658
2268 3216
1669 2375
1414 840
161 3238
1392 3608
191 789
789 1322
3306 2667
1461 122
3898 1440
3342 426
2033 531
3462 3814
2248 419
268 2116
3274 3246
1837 1223
2847 206
2355 1762
1822 163
1402 2602
84 1220
1948 1041
1321 2612
1904 2145
2028 3191
2417 2368
2469 3078
40 845
3975 312
529 2777
3758 1566
3135 3181
1227 102
3465 1939
2439 2429
2664 3284
3181 3518
2288 3682
1860 238
875 29
2785 2062
3587 3288
233 158
611 862
3192 3913
2323 3282
3461 2902
1493 2749
3931 2406
2892 387
1034 302
921 2603
718 3433
1572 1111
525 3788
22 2252
36 1137
3749 2932
823 982
3445 3508
1514 2750
3979 1152
2926 3945
3578 664
3991 2529
1416 2729
1745 2922
112 2201
977 1053
2961 2525
3800 2913
3377 527
2117 1207
3656 2238
1863 3008
1929 2266
2264 3498
1647 2391
3238 184
3418 1734
1617 276
3712 1664
2786 3160
698 3822
1358 1886
1550 3972
1228 3648
525 2105
2365 1526
2635 2237
1984 2483
1420 3610
209 168
1276 1781
1872 3940
2505 3325
1132 3820
2841 3645
1655 934
2183 2736
652 2561
3769 864
530 3894
3415 2469
1643 3423
387 1802
3132 3395
1644 2715
679 3903
1082 664
1903 468
1107 2550
814 2482
18 2885
2055 1767
251 3227
2240 3410
1475 3385
3483 3415
317 2352
750 3478
1726 1949
3948 3046
2377 833
2609 213
2512 1085
1108 1468
3198 2500
646 3090
1543 911
773 3641
108 2790
800 2607
1984 3907
2571 2543
2821 3262
395 2433
100 2893
1040 3376
3461 554
3566 331
971 3739
2770 982
2240 2046
1072 2912
207 2820
3835 775
1100 2599
1801 2374
2643 1817
1737 3778
2344 3594
3895 1134
505 2630
1025 3473
729 3232
2951 2893
2369 3308
2982 788
1625 637
369 892
3869 460
1676 3663
3506 3550
58 299
816 1532
801 3631
1136 714
2633 2711
3329 1511
1974 172
868 3055
2321 1705
2769 1511
37 255
2574 866
2134 1376
1924 443
591 2617
1148 610
2147 1033
681 2305
3166 364
45 22
2702 2290
3340 3799
1627 696
1141 2793
2449 3905
1963 1224
1398 742
3251 3408
3460 3768
1888 3341
1233 2193
2037 80
984 1041
2423 3810
3146 2645
2323 638
173 1574
3893 3332
1017 3812
3278 2110
3015 1878
2915 1986
3515 551
2745 2338
3353 695
1182 2784
827 3980
1962 2532
116 1948
2776 1295
2315 1237
1619 84
3650 2833
3491 174
1979 3256
354 802
1176 2677
64 1264
3219 3607
1922 1643
2012 914
2741 3323
1355 196
1847 1193
1499 3330
3593 849
2391 3681
3826 1039
1071 1180
3583 869
537 1057
2272 3932
3640 709
1935 3531
1273 3647
831 2272
1546 472
699 3002
3567 3917
2636 1872
2063 2933
1719 2955
3254 96
2664 28
1083 2735
2875 1404
3940 1857
2372 1105
82 3718
2131 3438
3913 2459
1617 3555
3045 2782
3156 3535
1993 3891
2051 612
574 630
1628 2794
2514 2984
2101 3037
394 2928
1078 1136
1016 3198
261 2883
3630 3046
1703 186
1255 3703
2575 2370
566 1321
2944 3854
1925 524
1496 2267
2908 2708
3927 3553
3413 1942
2402 361
392 1048
364 793
1489 266
3090 1018
3908 117
2159 3567
2252 11
1728 3680
3716 2001
2716 3414
2406 666
3397 2044
1174 1450
2103 109
3339 1851
3774 198
3018 1678
508 2310
3054 2287
2893 1647
1990 2297
1700 2765
2533 1128
3550 1485
2952 3263
954 3325
3717 3612
1138 1168
2486 2357
245 534
3764 220
3047 2200
3756 2225
2920 177
3978 2058
961 605
3391 3599
598 2816
3578 3012
308 201
2594 1038
1364 3405
1976 18
924 3056
2125 3502
1686 2087
2551 369
938 3119
505 3999
3362 574
2290 905
3383 1519
3760 590
3771 3154
665 2000
982 168
1509 3097
3333 3769
1860 2103
431 906
3516 3952
3216 1667
179 3386
3084 3868
2086 1995
1178 2607
551 137
762 1249
621 318
3611 374
3291 3662
2345 2857
2959 2259
998 56
3213 3609
721 3493
2813 2371
1592 3687
3316 3477
2138 249
170 3350
3169 1217
3497 2725
235 2833
3620 2457
2908 466
1206 77
3182 3347
3483 3926
3285 3021
431 1453
485 3248
3405 189
203 3043
652 3283
3941 2191
1519 1227
874 1332
3338 1770
2887 3153
2080 3550
3791 3340
1687 2287
2147 1440
1708 3909
794 46
315 3365
745 2572
3292 3329
3139 1029
3133 487
2478 2429
852 1366
3301 1385
3356 3200
2077 2206
139 2658
3472 3759
2241 3626
2991 3206
1915 610
2213 1359
432 291
2518 3115
1493 495
2528 1021
500 3329
1475 448
1139 369
3547 3963
988 3623
3221 362
77 556
3614 139
2570 152
1880 3804
271 2340
3094 2522
3392 1121
2414 1138
2177 3968
3336 1480
1097 2218
2477 849
144 2233
741 3480
383 3722
2489 104
1626 2954
63 1211
3886 772
29 1760
2132 653
1918 1400
614 2320
2342 3927
1004 2029
1977 3032
2887 3178
1438 980
83 1893
49 504
2788 3263
1734 1919
2417 2867
2154 3018
1178 3141
127 3983
3263 3529
3883 774
656 3
3196 2842
2837 1978
588 291
3422 1890
3035 3371
3727 1110
3186 3075
1318 2951
2971 1707
791 267
3239 3363
1679 1498
1225 746
2557 3448
1601 71
3214 1867
34 1248
1146 2671
950 1830
1960 130
424 2424
698 102
496 1718
3350 862
3123 1771
1714 2498
1702 2500
3249 8
3359 3043
1190 3490
2031 3
1404 2658
1000 3983
3361 1251
2487 1306
3277 3203
1477 1733
3024 58
3449 611
3230 305
1989 2029
3841 2913
228 1316
3069 1286
1333 1800
529 3667
324 231
817 3091
2234 2362
3326 465
3758 1037
247 889
161 3741
3647 2097
3372 2433
2287 713
324 2949
566 1157
3306 3505
202 1652
2603 3784
2373 286
2461 3319
2245 1490
3116 967
2314 1282
770 1381
2535 3938
3562 1600
975 2135
380 1215
1204 2047
1379 83
264 1510
1173 2429
1555 2537
1353 2288
1817 1661
3174 2068
101 838
2094 1755
154 3470
1959 1872
3513 1384
2711 3890
1572 1828
2604 2680
339 2781
996 2651
454 2389
2351 3595
2596 3149
3602 3893
394 1559
786 3785
462 1957
1918 1048
518 135
7 3008
3056 3099
1112 3753
1807 2181
3432 2100
560 920
2306 3967
1333 944
973 2407
487 3074
1913 226
92 3845
1217 294
592 3027
3072 2276
1883 3884
3428 295
3657 570
2612 3941
3314 806
3309 165
3200 196
3925 2005
2039 2185
1642 2075
2433 2193
1824 1372
115 2620
3075 652
2650 1358
2883 3083
2742 3116
1398 1540
589 2749
1913 2237
2590 614
3717 841
602 748
1781 1347
1709 2969
2813 85
3400 2011
2429 3598
1259 459
3077 2864
410 1329
3556 1906
2648 487
402 3562
3212 3950
2455 3553
2560 467
3689 3768
713 2497
424 2641
1490 3299
917 1804
2699 2135
2689 2599
3580 1160
2831 1153
1591 3084
1014 2592
3349 1900
3159 1583
3210 357
553 3206
1849 3500
839 348
294 840
817 1246
675 1672
2026 3964
1401 1408
2195 2994
179 2533
1364 2572
398 3940
187 3008
1612 2602
554 1628
3341 3048
1144 1854
1980 3502
2647 490
2016 856
2326 3782
713 1431
2689 114
3062 2169
1253 1582
1173 2001
3685 3290
2100 289
184 1296
1320 3616
2318 3504
2591 209
2674 3566
3300 3636
3891 1508
1533 1039
3632 979
85 560
1255 2115
3552 2346
315 1912
1977 767
1094 849
1879 1264
1741 1429
159 3540
3498 1688
2352 1008
2062 2945
2095 570
2673 3979
2043 3915
3830 2956
3317 2293
265 3689
3359 3689
1325 1872
730 1675
1394 1491
1020 179
572 561
1660 2728
1563 501
1530 2850
1256 2926
2342 3831
690 2277
499 2886
1161 3829
3801 3271
1416 1064
2577 699
3671 2678
2325 3323
975 3500
867 1460
1990 2845
2974 3993
648 3447
2024 711
1653 1532
884 114
618 1866
299 3119
3624 2217
3969 3574
3138 406
3309 1264
1144 3599
1441 228
307 1500
1069 3044
3303 3498
3262 1196
1003 3349
3787 3752
2994 2972
3065 3149
2488 1397
428 1974
3330 3429
592 3174
2404 3832
1206 2540
2057 2536
3959 3802
1120 1047
2648 2675
1040 874
3538 3318
2696 1755
375 2629
1772 2248
3678 1990
1943 461
1539 92
2770 3526
591 1231
2055 2457
127 1947
520 1361
70 3865
81 1123
3412 3901
212 1296
552 1327
3254 2098
2219 2776
3425 319
2173 2191
3033 2381
205 1559
884 3785
3520 838
1602 1889
2661 2871
1545 3959
1916 3383
1665 3405
2536 2403
1452 1735
2143 1155
1761 2670
3995 290
3054 2777
3212 2604
2805 483
66 2397
416 280
657 2880
2420 1696
1269 270
3256 885
681 1916
1589 1537
245 1516
889 1500
3595 3161
599 2671
3138 478
3480 3774
84 249
1544 73
3292 2288
1592 1890
2523 2198
2980 2433
229 604
3293 3103
99 43
3497 810
1226 1137
2840 216
3783 259
6 160
2350 1385
1658 2408
3576 3016
2640 564
608 2918
1214 1008
234 196
1375 1714
3963 3236
1409 3288
2127 1481
1846 3687
1754 459
1829 1271
657 789
2810 2621
2648 3067
2183 791
2172 738
275 31
2925 631
2831 3861
1700 3775
2703 1615
2014 264
307 2142
2382 146
3373 3041
1435 3274
471 1144
378 3686
540 1552
3576 1686
3792 225
1924 2120
1460 1332
3233 1719
2757 2922
532 1963
1993 3280
1021 1352
2314 2794
1323 1171
3723 2962
1338 1999
2061 1125
3438 3325
2125 758
2844 3848
751 1480
2172 2133
2146 3287
2593 2245
1528 2245
191 992
497 2872
2288 591
3571 3931
2815 931
2613 814
902 3583
1476 1934
401 966
557 2397
466 1619
3299 195
916 2993
1620 485
2595 2360
2559 508
2494 1560
3730 2759
2663 587
2102 2816
3870 2508
2038 2370
1238 863
426 48
3334 14
1982 3610
3796 3774
1300 482
1995 3015
17 589
2099 1236
7 651
3125 166
2354 1681
496 464
2945 3444
2505 1604
993 2628
225 1213
3702 2089
1406 454
1316 1877
2277 1871
107 2462
1990 121
402 2425
1512 89
1643 1567
700 3698
1700 117
2839 93
199 805
3349 2726
3357 3368
2141 2332
1271 1950
1681 619
899 1463
1588 1964
1593 3466
1027 896
774 1257
684 355
2729 2710
2365 3603
2967 2181
3236 3374
3276 1756
1928 3611
3923 2425
1042 3917
2846 3172
3360 2246
174 3126
2488 2942
1574 50
280 1474
1623 2257
3154 1288
781 3266
2993 2090
3914 121
2575 3551
1859 1080
75 3159
2397 729
3130 2010
1219 2041
2623 1335
3861 3732
124 3786
1479 2222
1082 2658
3417 3441
836 3632
499 3041
192 1532
2841 2388
1118 2384
2833 3552
1507 3447
1129 1322
3516 2869
3012 2238
3612 884
1106 2691
722 2947
161 2118
1049 288
2648 171
774 440
2341 1538
1745 2030
1623 3055
2446 2021
195 2017
2749 1248
1982 2132
458 1185
1714 2579
2006 1405
1785 1080
1858 3903
138 21
2022 2516
3538 3963
1449 2984
2375 454
1601 3793
1667 2727
2644 1726
366 2393
69 3243
307 1558
3663 2518
1947 3963
1619 2259
53 1345
3186 3102
2881 1116
893 1203
3012 2372
1523 276
237 3802
1229 1793
202 59
3145 3896
3362 1130
1077 3582
3792 3
2516 1921
668 3935
3521 264
92 2886
2054 1744
2614 3020
1256 3164
2312 3627
2771 2985
1735 157
2647 1049
2564 920
440 2190
914 2207
155 3930
1349 3666
3950 3616
3351 2557
1205 1950
1983 3466
1964 1458
2676 2746
2596 3902
3681 1821
626 305
1896 3488
556 3327
1512 3675
2027 556
3655 564
3844 396
1627 1832
2493 304
2253 2700
3654 1377
1058 2070
1339 210
448 2516
1995 1031
2427 574
454 2272
1432 1579
1339 3166
1636 99
3660 296
86 90
2626 2323
2944 1680
2573 1486
1142 2248
1550 734
2746 3899
334 2162
3172 2204
1220 951
3830 2421
2808 2203
2662 2659
1976 2624
3844 1558
834 609
1547 2438
3030 3969
880 2229
3825 1826
246 889
1669 2838
3651 1233
2505 2476
2956 2416
3432 2722
3486 2150
394 119
1129 893
579 3209
2605 3865
3271 3437
3314 2045
415 766
1428 2645
324 1919
2589 2021
2517 2380
3720 3271
1785 325
2594 2281
2209 3479
1246 133
986 2261
2156 3567
1049 607
623 3996
3223 2139
3551 2412
1253 537
3164 1131
2368 13
3645 1098
2843 3314
1377 1411
3656 1804
3986 3498
1776 1422
2299 1895
1179 1698
849 2289
749 1149
66 3321
3575 3964
2829 1724
2968 308
1503 3493
2866 1892
2189 3579
3385 1266
1234 938
695 1992
1078 3338
1217 63
3456 1752
2221 2107
1427 964
515 3889
3002 1544
2079 1367
3884 298
3928 2419
3020 2648
1927 3086
2248 2021
356 718
3765 586
3165 1796
2050 2631
228 587
871 2630
833 3575
1278 3253
2334 248
2282 1270
3552 1291
2766 366
2584 828
2803 286
3645 799
1657 557
87 2142
3271 1887
3960 3597
2088 598
749 2265
368 3483
2086 2737
3553 51
234 3112
987 1361
2469 2823
3483 3979
3056 1377
2557 3280
2145 1265
3868 893
1257 3613
3593 3986
1651 300
460 559
592 1888
3952 3571
1562 2113
717 770
3802 2562
3205 3412
2089 791
3860 2833
1808 3614
1496 3793
3028 1387
2399 19
1182 2336
1800 2600
2173 1890
1462 583
3601 2217
3227 2010
2156 75
1429 3398
3878 829
3490 776
469 251
962 518
1325 497
307 664
3497 3924
1314 339
1669 661
2933 159
852 1346
555 2676
3335 1347
2598 1288
324 2668
3257 119
3342 1283
1365 1651
1323 2638
1582 282
2876 1202
3315 3063
1368 3160
1987 2847
2579 1225
1542 19
1073 3888
2836 2195
1949 982
3692 1048
1818 2767
557 1512
1905 2827
219 2307
3483 803
3542 1900
2313 2562
1008 717
2762 2202
911 1757
3312 2550
530 2761
3779 1604
3339 508
2984 3416
1543 3192
1203 1887
998 844
2937 3067
3885 3078
3395 3706
393 106
998 931
35 1076
3201 1946
444 1022
1974 289
2855 792
3271 1398
2561 478
1672 214
3841 391
1350 3718
3607 1501
2827 2238
598 3744
626 2273
1840 974
1794 3736
3433 1726
1933 2646
1504 1751
1333 260
826 3565
2323 2699
180 1669
2551 550
482 146
2435 2306
605 3092
951 269
2153 1230
2276 1103
798 3313
1930 2195
3626 3522
3726 1668
1349 2336
2353 1951
2036 3526
2005 5
2288 1388
1628 3373
1700 1939
3078 1424
3545 669
1122 2231
2499 3521
2421 1783
2256 870
874 43
1970 1751
1798 3312
585 1390
3870 1334
2705 333
1885 1070
2759 1936
1327 3861
79 762
538 3431
3233 152
1959 1740
195 330
2694 3585
3272 3779
887 1416
3002 1927
1430 1303
234 2227
1080 2691
1587 2304
2933 737
1497 2827
754 2312
2558 2598
3350 1512
2298 1169
2037 2726
1308 3336
228 1419
257 1162
1861 3704
2649 2384
1601 2996
2284 1661
3586 1977
1345 1281
2232 3437
2534 337
2919 2166
1399 791
1098 3261
1338 1946
1288 2037
3440 1122
404 3808
538 265
3594 1448
1975 3254
3623 1316
820 361
2514 2287
1948 1171
963 860
3614 1836
103 708
2603 2900
1298 626
1471 2930
3361 992
1668 3416
289 3229
1331 2182
846 2607
3777 1497
290 3130
884 3514
3558 3547
3352 1550
3697 3380
2524 1959
3794 1719
1892 2600
3118 3325
3293 412
3822 417
736 894
1877 1272
3635 1110
1412 616
2051 2910
267 3318
242 3415
2394 3786
3367 514
1318 120
3758 1417
426 1086
610 2646
3829 2188
3048 2583
618 2398
1151 1101
3560 2750
2987 3620
1320 2114
3510 2178
1671 1042
3685 902
2547 1524
3266 472
3380 931
2698 3858
318 2303
1422 754
3663 456
2167 1366
3376 2200
3046 3423
2162 3345
3028 2866
2247 698
757 788
1854 517
3615 2901
3712 3154
25 1103
975 974
3486 180
204 1074
1592 211
181 3350
1399 416
3120 1676
2952 2965
1020 3252
44 489
1079 1030
364 3034
1182 3762
2580 1905
557 2301
687 2867
2513 3235
1661 3333
721 3188
0 2673
1764 1617
772 1926
3993 3914
3065 753
1246 3895
1218 1455
983 3371
2674 2706
1998 3364
67 1864
1066 2681
1409 3549
2933 1615
3983 3221
513 3459
3373 2606
1451 2644
820 1802
672 484
2288 3357
3730 1476
2450 2608
3297 1525
2582 157
3941 316
945 591
207 744
2400 1637
2095 3342
1869 1389
168 451
1748 586
2240 1290
1241 3702
264 3515
349 1864
2338 2985
1467 1802
1274 2650
3655 2116
2775 2955
2879 2847
1620 28
0 546
2116 3290
3834 1431
2775 3659
2086 2112
1085 2147
3420 3368
2546 1855
2436 2577
702 686
3235 3016
550 1430
3392 3675
3048 2383
190 1098
2155 1791
861 679
3783 2468
379 3204
1095 3102
1518 3186
3063 649
3813 2048
2503 2399
1700 1802
1260 1221
2930 1145
1177 703
672 699
150 1403
1302 100
141 2866
3297 3761
741 2473
2735 1680
474 2497
3930 473
710 1946
688 49
705 2533
1449 1346
1614 1622
3151 435
762 1919
139 896
2447 3194
924 2605
3557 2804
368 76
3327 2465
2594 1262
1012 1303
2842 1011
3431 2572
3441 1299
2514 3680
878 958
2936 686
699 3055
1766 1183
1271 3374
1477 3741
773 3123
2252 3105
172 3474
3410 1142
1613 398
1495 582
1725 2555
2351 1454
3970 1644
1148 2340
2384 361
3088 1757
1084 3044
387 3820
3385 2589
234 2137
3805 2855
3277 2023
1975 657
3651 2614
2524 2129
3348 2995
814 100
47 3598
1405 570
2714 1471
3927 2283
2983 1608
359 3253
625 3252
1951 851
3160 2267
2640 3217
2531 3786
276 3267
1701 3226
1909 2516
3406 1785
1869 1736
1698 91
888 3395
434 3314
2566 1713
2726 3187
33 2617
2971 3106
2222 1240
3649 2267
3384 3757
2549 969
3007 760
53 1054
3172 2008
1771 328
327 1203
680 3165
3484 1285
2842 3560
757 1286
1421 1388
2711 3016
294 831
3282 2541
194 3261
1258 2254
2178 1092
3237 961
514 3973
1446 1677
2523 2951
3899 2564
1766 2032
3573 1925
2712 1360
1908 2965
112 2698
1134 2903
2369 77
981 3678
1202 1091
2449 3316
3268 658
361 322
3329 2120
164 2142
3661 733
109 3930
2486 2906
2816 1408
1035 1958
1509 1390
1552 3886
118 1822
2736 2025
378 761
370 1397
2543 2277
1580 3370
475 2264
2380 1111
2539 460
1032 3990
417 1232
473 9
136 1595
1982 2291
1918 1328
3833 3228
3662 2707
3683 3787
3606 3701
2744 2567
3716 1262
1307 1751
189 3196
1108 2345
2182 2619
1636 3164
3068 1483
3765 502
705 1096
2304 1051
2858 3921
866 767
895 2778
2279 2870
2644 1720
3955 3241
198 2219
3063 872
1753 1680
2432 458
1418 2310
2273 669
3261 757
949 1512
3195 2234
204 528
3294 1828
48 474
2894 53
2733 996
2053 3349
1600 2219
3060 3147
537 3904
1524 1716
703 3950
2922 303
3904 1116
261 1591
1088 3594
1103 2556
3947 3353
374 3208
3253 3945
750 3077
3453 493
1247 3148
3546 295
278 2745
830 3916
825 314
3790 2742
757 2798
3 2419
3467 1003
2955 2024
429 2498
2993 1901
3198 3181
2248 1592
777 889
3337 543
223 329
486 86
3946 1609
2111 3709
1112 3584
2561 1580
1188 1469
2988 877
3425 314
1953 597
142 1484
2487 3741
3160 2341
2770 3365
91 560
3569 2765
112 1921
396 877
3039 2625
3156 878
3448 2864
1347 2210
2135 2500
432 668
186 1545
24 3148
221 3196
927 932
697 3556
505 2827
3436 804
1658 686
3425 199
3460 864
665 3949
1979 2851
3401 3622
730 2915
1760 3061
1297 2426
3878 3159
2993 3580
954 2209
2801 456
1584 2162
843 2927
3443 1272
3770 3394
3318 3348
622 2082
1470 244
2692 1357
1595 1600
2763 2770
1568 3318
1152 3685
3718 2529
2501 2552
2965 2697
1623 174
1130 240
748 343
1443 409
1552 937
819 2829
1770 2261
660 2502
2072 540
730 3241
1873 621
551 1635
304 1688
1630 334
1788 241
2258 2623
1364 1915
3160 3566
2792 2058
1122 255
3055 2783
2626 1761
176 2243
3282 1067
3602 133
665 2777
2797 3157
833 1101
3896 2818
2080 3881
3974 2183
3306 3317
413 496
163 3414
3666 3030
3608 3904
1318 2262
3774 2129
2438 3137
2753 437
1762 1213
3233 2416
417 64
2476 3509
1087 1170
3293 2040
2061 452
3702 45
1573 2697
2303 122
3818 3866
3779 3722
250 3057
191 1313
2538 1548
1789 2089
2294 2158
3194 196
2200 2592
1388 994
1116 1291
2157 2091
3171 3966
1062 2149
1052 1175
2291 2747
1078 2564
3985 3985
3456 1519
1210 3541
2926 499
3122 1171
1580 3377
