200
169 800799298
244 806352571
369 874700233
443 905784852
36 936066609
32 859601198
6 988128902
274 811726212
376 842908319
393 970807019
135 877020223
156 943529541
219 953078527
123 906728696
339 862388137
349 951322954
21 876182271
164 899744120
226 990360164
443 961079097
278 895664808
439 994685967
76 811239965
372 894458543
466 917512739
110 852698047
118 977890008
287 852706758
483 810065837
437 826359522
391 822917128
394 980847068
97 929686974
221 802312858
312 903461620
354 979854681
316 824082231
386 933294116
201 966618083
284 838288586
362 822953354
114 896372211
208 824572689
48 941961066
297 855872127
152 954822803
214 811147131
463 890415359
295 955756974
226 890118693
201 811144091
432 915058895
215 800075477
157 974645797
432 866631107
88 960475599
28 919505377
295 933649800
132 985410856
171 820920955
86 868768022
411 963597030
66 896988365
245 946476462
271 834397880
331 922982366
413 995156213
216 928486290
468 939486806
113 963225769
157 892464829
148 947260135
318 824391210
258 847995235
77 884392914
164 940953615
383 820930458
223 878022760
110 951014484
336 941614490
201 988407921
4 855567639
339 891606338
436 801292063
8 994796292
247 857512413
438 852236224
124 877346149
369 926552393
78 905370868
15 883166709
119 833849747
331 861564980
222 910785656
390 883789948
252 846268782
469 839535587
221 865027480
142 875060709
263 999036400
453 948176775
217 956268741
226 841738617
492 853320342
367 889563983
266 897524592
405 896783206
381 897763950
240 996980091
187 981249016
0 874479071
435 856083807
263 953037110
414 958836313
4 869561566
10 929484120
384 855645392
458 825911714
200 932413379
330 835040230
215 977531742
302 831449044
346 816929240
286 952686761
222 835385826
198 997935812
210 813739782
130 866183955
95 966161730
364 964588846
497 904085020
122 978991843
436 948588878
49 918398742
206 911463392
85 988320231
337 943366895
378 986223129
40 903109751
87 965311630
71 960263584
420 967922722
414 915217514
290 915911863
62 900547634
144 823638624
466 813369116
158 918558516
152 900544217
290 973514478
195 830011091
461 800163475
129 868491842
316 963611055
64 865967942
449 862361461
414 825314431
497 834512531
236 887465007
455 811431780
307 820813986
403 848410012
336 845837202
21 820860710
408 980380463
15 969035447
278 804623058
45 973757853
390 966687131
176 925269513
84 973446683
438 949614629
31 947570364
22 953407352
452 936338195
59 850290171
486 815077600
132 852237467
328 862739481
344 836083276
101 935936459
412 853276627
422 879308700
110 972807998
495 957345934
212 964054359
224 912131858
379 819996011
386 881381127
399 835283859
325 823029080
308 863968747
352 999101940
349 894187301
53 854260444
347 974919372
143 817443651
413 861979735
277 992410099
231 938374973
