100
1 1 1
2 2 2
3 3 3
49 49 49
50 50 50
51 51 51
1000000000 1000000000 1000000000
644868152 644868152 644868152
911373839 911373839 911373839
442800686 442800686 442800686
252441799 252441799 252441799
798057163 798057163 798057163
30163612 30163612 30163612
582230110 582230110 582230110
881582637 881582637 881582637
393503771 393503771 393503771
830793648 830793648 830793648
558739935 558739935 558739935
927734437 927734437 927734437
262545569 262545569 262545569
163624211 163624211 163624211
160883493 160883493 160883493
823839550 823839550 823839550
251230803 251230803 251230803
520414245 520414245 520414245
192743749 192743749 192743749
200863823 200863823 200863823
8525925 8525925 8525925
112736228 112736228 112736228
967233603 967233603 967233603
813984570 813984570 813984570
851029960 851029960 851029960
151034133 151034133 151034133
586001948 586001948 586001948
94205515 94205515 94205515
374330561 374330561 374330561
674063871 674063871 674063871
332178749 332178749 332178749
584612906 584612906 584612906
135595766 135595766 135595766
248207624 248207624 248207624
698860146 698860146 698860146
290084113 290084113 290084113
973662457 973662457 973662457
677273082 677273082 677273082
44237483 44237483 44237483
578979636 578979636 578979636
897062742 897062742 897062742
160100265 160100265 160100265
301627598 301627598 301627598
758176676 758176676 758176676
846805488 846805488 846805488
897099315 897099315 897099315
971975375 971975375 971975375
970709424 970709424 970709424
633659789 633659789 633659789
511796490 511796490 511796490
157559893 157559893 157559893
383241450 383241450 383241450
977840767 977840767 977840767
831589788 831589788 831589788
261484562 261484562 261484562
596131403 596131403 596131403
954517137 954517137 954517137
522189045 522189045 522189045
892476468 892476468 892476468
600407588 600407588 600407588
447270432 447270432 447270432
289499689 289499689 289499689
652937445 652937445 652937445
202758707 202758707 202758707
582470015 582470015 582470015
372316373 372316373 372316373
713223651 713223651 713223651
198544806 198544806 198544806
145847229 145847229 145847229
454617745 454617745 454617745
4481054 4481054 4481054
664191298 664191298 664191298
884552864 884552864 884552864
820519180 820519180 820519180
717965043 717965043 717965043
923258377 923258377 923258377
89373551 89373551 89373551
402268104 402268104 402268104
280806906 280806906 280806906
750413012 750413012 750413012
444037293 444037293 444037293
767442647 767442647 767442647
209315297 209315297 209315297
373437732 373437732 373437732
871120787 871120787 871120787
434253753 434253753 434253753
676423456 676423456 676423456
448180886 448180886 448180886
781368841 781368841 781368841
515062428 515062428 515062428
289898735 289898735 289898735
871867109 871867109 871867109
453839818 453839818 453839818
