100
1 2 2
1 1000000000 1000000000
999999999 1000000000 1000000000
2 3 3
49 50 50
130282943 164503532 164503532
5623727 74700495 74700495
275653971 528696166 528696166
64422898 172188619 172188619
4580636 7059359 7059359
10589255 224207824 224207824
608585201 930958152 930958152
235965878 489069715 489069715
43804351 61933897 61933897
271100131 277300101 277300101
70441146 103356668 103356668
260754354 957837618 957837618
40779128 261091842 261091842
335381152 397478574 397478574
85861234 227387953 227387953
858505813 939939030 939939030
7889942 766101241 766101241
4628245 25183806 25183806
479917938 516923820 516923820
19232690 59403217 59403217
678098544 717784260 717784260
226092385 424607430 424607430
49475793 107393631 107393631
217517002 575413427 575413427
564022588 864639204 864639204
492255328 696843748 696843748
162208051 352273607 352273607
71342332 92943036 92943036
26306085 77264873 77264873
31275680 507723382 507723382
38720803 194735778 194735778
174257230 637032612 637032612
14430724 64701464 64701464
45796539 277618286 277618286
459786565 463912254 463912254
295555987 438673981 438673981
474437360 666053224 666053224
122507759 269722582 269722582
205195854 340365556 340365556
495140479 956549214 956549214
589450584 725613078 725613078
339290274 428768120 428768120
106387585 603855760 603855760
98678969 234517675 234517675
139593138 498554475 498554475
1378862 1609019 1609019
384916427 422760395 422760395
480072951 619564003 619564003
286218990 451596878 451596878
29401663 165620705 165620705
125735215 145848508 145848508
113004492 885852573 885852573
458870509 707655956 707655956
495823962 707812051 707812051
512362014 755904844 755904844
365222806 866848229 866848229
170230767 253176364 253176364
209769921 756520378 756520378
28221999 241169145 241169145
43132473 501757080 501757080
32456420 45034260 45034260
12596521 555900794 555900794
55710803 72265526 72265526
810577808 955281538 955281538
391454590 467331186 467331186
196168559 278136664 278136664
867409489 903676441 903676441
173957118 619935406 619935406
668568948 918847961 918847961
257678822 982725714 982725714
60808967 149239040 149239040
501662100 630873025 630873025
341271315 433294661 433294661
112664346 126470378 126470378
210693627 405883821 405883821
106853359 890303306 890303306
154023175 553541566 553541566
219720497 789919830 789919830
371566658 614829549 614829549
569325867 747190015 747190015
576098963 742754766 742754766
478590546 697158633 697158633
481185625 784925507 784925507
10816377 793035264 793035264
574615422 877382147 877382147
739753131 960242450 960242450
731118380 864249678 864249678
23801475 239424622 239424622
169454752 883399024 883399024
193353517 271086089 271086089
96924297 228296936 228296936
294449595 406163360 406163360
68178970 160757491 160757491
115808937 144517258 144517258
101437692 402512862 402512862
