100
1 1 1000000000
1 1000000000 1
1000000000 1 1
999999999 1000000000 1000000000
1000000000 999999999 1000000000
1000000000 1000000000 999999999
500000000 500000000 1000000000
333333333 666666667 1000000000
599166983 305739549 704035562
673344808 454210895 976292253
615685534 553599680 783544499
359621932 399374877 147793740
681747511 731042770 183082837
378989548 63852829 893564483
649943949 524597528 483016341
370213214 850300694 859292563
333524292 883522379 405679220
153222283 683494108 499275989
972009142 986990221 91131820
585932671 675460366 394773445
629516747 850884934 658635334
61774182 390923267 557907001
365747760 364393502 221259017
4937758 737691774 286739358
336439122 415329837 999351042
919770206 888572358 379528155
844652390 24076052 759519961
775288907 514816726 251746821
613105638 684702603 917299702
255009210 394447317 520781535
455569494 185729288 329006761
860275984 161140405 759455347
982646093 666072212 332122799
764452049 328491344 209027216
430915960 717983871 522127044
643034492 63809720 163794694
186498729 354332493 299760556
252622476 254514278 240064891
595763207 536233219 674401341
30550335 454995172 713141975
225184142 840509487 999234334
898075524 948055810 247358401
919057507 304941235 12138296
658689379 874641208 540749054
648188744 23244071 446330668
739072053 453195008 323270305
51479598 458021763 323763779
692749417 328474021 995787863
742073932 96636450 898595462
624272217 815811985 459418287
346230058 304683294 100010857
63314900 410311210 1181907
724886067 844674318 366124001
190622381 675761588 139520313
794082352 579861667 11575683
960276289 77601894 467619784
577827484 173931074 966624930
368423462 961690155 674679645
665429812 419668929 190682268
881697487 195165089 455235643
155536999 210210829 93539969
373193982 273509663 371587539
23504950 647228792 407910474
481317821 987999165 546727677
578287101 565581859 225694147
949483080 483744423 145848043
529354627 636538015 358791538
773990400 645982738 671247731
304207337 535070658 656588396
26088652 218120594 695028887
139104560 890305438 460539415
353413719 946600856 707237490
306811569 117777596 836089666
980982834 982836487 784290469
681718434 253548588 512443054
278219006 334118505 480279517
269579287 868877160 38228585
233283494 372957077 557933956
277861930 168925263 762883852
363760121 67959253 259336493
981949822 672635850 522046526
29764685 432937017 152705185
310219888 931661380 759134809
205646753 986790615 337515826
457127659 365815759 491838650
190156622 514790334 881261264
622043838 211721056 611412750
965350430 927694668 207231333
405963862 947005565 398952168
528562465 370722381 951429125
20936181 516051060 370840610
794769184 313831182 95028041
418490224 709391463 9530984
363139196 179753206 997836408
383103205 503853135 844654900
160557893 967886783 65654331
505851769 109256868 96774049
13108460 56957496 552216142
221898658 196227402 386433765
511145488 437857634 461916341
