250 180 90
9891 375000000
19 41666667
999992656 666666667
74 291666667
999999932 250000000
999999644 916666666
936806250 458333333
500000000 833333333
999999992 1
999999758 1000000000
500000000 333333334
134 541666667
73 291666667
5612 125000000
15 41666667
7818 125000000
306156418 958333333
796702965 208333334
197 791666666
270435643 458333333
375830065 208333334
9227 125000000
500000000 833333333
997710419 458333333
491117768 958333333
80 291666667
999999999 1
132 541666667
2368 125000000
589796165 958333333
999997708 916666666
999991114 166666667
999999934 250000000
7760 875000000
196 791666666
359500718 708333333
6074 625000000
999999815 750000000
999999879 500000000
999999880 500000000
999999873 500000000
69103852 458333333
999998246 666666667
999999811 750000000
500000000 333333334
999999463 166666667
9628 625000000
500000000 583333333
14 41666667
500000000 83333334
12 41666667
75 291666667
999999820 750000000
999996791 416666667
3231 375000000
999999755 1000000000
684858555 208333334
500000000 833333333
999993351 666666667
500000000 833333333
7220 625000000
355842 208333334
20 41666667
999999756 1000000000
999999871 500000000
999999997 1
78 291666667
500000000 583333333
836254111 458333333
5676 125000000
140 541666667
999999406 166666667
194 791666666
16 41666667
500000000 583333333
999999875 500000000
999992131 666666667
7374 375000000
3577 375000000
7496 375000000
4 625000000
3302 875000000
676006299 208333334
150329044 958333333
999999995 1
999999370 916666666
9474 125000000
500000000 83333334
193 791666666
999999874 500000000
500000000 83333334
500000000 83333334
2363 875000000
192 791666666
195 791666666
500000000 333333334
5173 875000000
999998562 166666667
191 791666666
999990934 166666667
500000000 583333333
999999994 1
500000000 83333334
146810894 958333333
6565 875000000
999999752 1000000000
77 291666667
500000000 833333333
952414477 458333333
593620212 208333334
4514 125000000
500000000 333333334
559290090 708333333
999999991 1
999995558 916666666
999997645 916666666
500000000 333333334
137 541666667
999991775 916666666
6065 875000000
999998284 916666666
500000000 83333334
999999818 750000000
999999753 1000000000
433861252 208333334
387221374 208333334
6184 125000000
543229087 708333333
500000000 333333334
999999813 750000000
17 41666667
999999512 916666666
999999938 250000000
999999106 666666667
999999751 1000000000
999999993 1
3760 625000000
500000000 333333334
702656079 708333333
915033188 958333333
196155703 958333333
5627 625000000
5931 875000000
999999760 1000000000
999999145 166666667
1013 375000000
301877103 958333333
999999754 1000000000
999999931 250000000
999999998 1
999992784 666666667
999991468 166666667
999999816 750000000
500000000 333333334
999999940 250000000
999992271 416666667
5775 375000000
1055 375000000
232856855 458333333
812849150 708333333
79 291666667
18 41666667
999999872 500000000
598966085 708333333
500000000 833333333
5352 875000000
884991788 208333334
999992210 166666667
999999935 250000000
138 541666667
819810201 708333333
93101727 958333333
999999933 250000000
188027116 458333333
72 291666667
999999433 666666667
500000000 833333333
999999798 416666667
500000000 583333333
500000000 583333333
999999876 500000000
500000000 833333333
999999176 416666667
999992318 916666666
999995026 416666667
999999819 750000000
999999560 166666667
5991 625000000
996241635 458333333
32 625000000
139 541666667
200 791666666
999999939 250000000
500000000 83333334
999999759 1000000000
999997070 666666667
816190050 708333333
4002 125000000
1050 125000000
1000000000 1
135 541666667
999993294 916666666
999999812 750000000
999997558 416666667
999999814 750000000
999999878 500000000
500000000 833333333
3828710 708333333
13 41666667
500000000 333333334
999999937 250000000
5663 875000000
999999015 666666667
999999996 1
999991530 416666667
205238212 208333334
999999757 1000000000
500000000 833333333
136 541666667
7185 875000000
8828 625000000
500000000 83333334
934701309 458333333
999999877 500000000
999999479 666666667
999999936 250000000
500000000 83333334
198 791666666
199 791666666
9071 375000000
500000000 333333334
1327 625000000
76 291666667
11 41666667
117615012 708333333
500000000 83333334
500000000 583333333
999996877 166666667
999992494 416666667
500000000 583333333
999999763 416666667
131 541666667
999999817 750000000
999991670 416666667
6096 375000000
187535739 958333333
500000000 583333333
71 291666667
133 541666667
500000000 583333333
