5000 3700 1800
100 2
7 5
100 1
999 13
3 5
999999999 1000000000
7 1000000000
999999999 13
11 5
1 3
11 5
1000000000 100000
1000000 3
2 2
100 10000000
1000000000 2
7 3
3 1
11 8
7 1000000000
999999999 999999999
11 1000000000
2 8
11 1
1000000 1
2 1
3 13
999999999 3
999 13
100 5
999999999 100000
2 8
3 1000000000
999999999 3
999 1
2 2
100 10000000
7 13
999999999 10000000
1000000 100000
999 2
1000000 999999999
1000000000 10000000
1000000 5
2 10000000
100 5
1000000 1000000000
100 10000000
1000000000 999999999
999 2
7 3
11 10000000
100 8
1000000 1
7 1
100 2
7 8
2 100000
7 8
999 13
2 5
1 3
2 100000
7 100000
999 13
11 10000000
999999999 1
999999999 10000000
3 1000000000
1 999999999
11 1000000000
999999999 1000000000
3 2
3 13
1000000000 100000
2 5
3 8
11 13
3 8
1000000000 1
100 2
2 3
1000000000 10000000
7 3
1000000 1000000000
11 13
2 13
999 8
3 13
100 2
999 3
999999999 100000
999999999 100000
999 8
2 100000
999999999 13
1000000000 2
11 2
3 1000000000
1000000000 10000000
3 1000000000
999 13
1000000000 13
999 3
999999999 13
7 100000
1000000000 5
1000000 8
999 8
11 1000000000
2 100000
1 5
1000000 13
1 3
1000000 3
1000000000 1000000000
7 100000
2 5
1000000000 999999999
999999999 999999999
999999999 8
11 1
1 13
3 100000
1000000 100000
7 10000000
11 999999999
2 1
1 1
1000000000 1000000000
2 2
999 999999999
1000000 999999999
1 3
3 5
1000000 5
100 999999999
1000000 8
11 100000
999 100000
3 5
100 3
100 999999999
100 5
7 1
1000000 13
100 1
100 1000000000
999 10000000
999999999 2
1000000000 13
1 5
3 100000
1000000 999999999
1 3
7 1
100 8
999 13
1000000 999999999
999 1
1 999999999
100 100000
999999999 1000000000
7 13
1000000000 100000
999 999999999
100 1000000000
999 10000000
999999999 10000000
1000000 2
3 3
999 8
3 10000000
100 1
1000000000 1000000000
7 8
1000000000 10000000
100 100000
1000000000 8
1000000 10000000
1000000 10000000
7 5
100 2
7 5
7 8
1 100000
2 10000000
1 1
7 5
999999999 1
100 999999999
11 8
7 999999999
1000000000 2
999999999 10000000
7 999999999
100 999999999
1000000 2
1000000 5
100 999999999
100 3
1000000000 13
999999999 8
1000000000 100000
2 1
1000000 999999999
1 3
11 100000
2 10000000
1000000 1000000000
1000000 10000000
999999999 999999999
3 1000000000
999 5
7 3
7 3
999999999 3
3 5
1000000 8
11 1
11 13
3 100000
1000000 3
1 2
100 1
7 1
1 1
2 2
2 1
999 13
3 2
1000000 10000000
100 8
3 1000000000
100 8
1 999999999
999999999 100000
1000000 999999999
1 1
999999999 2
999 10000000
1000000 2
11 5
1000000 3
999999999 3
2 5
1000000 13
11 13
2 100000
7 100000
1000000000 3
100 100000
7 13
7 1
1000000 2
2 2
3 3
999 1
3 1000000000
7 100000
7 3
1 10000000
1000000000 3
1000000000 1
11 10000000
999 1
1000000 1000000000
2 3
1 10000000
2 999999999
1000000000 10000000
1000000000 1000000000
2 13
7 1000000000
1000000 999999999
2 999999999
7 1
11 999999999
3 13
1 8
999 13
2 2
100 2
999 2
1000000000 13
2 13
3 999999999
3 1000000000
2 8
11 1
999 13
100 100000
100 13
7 3
7 10000000
1000000 2
1000000 1000000000
3 999999999
1 2
7 100000
1 100000
3 2
1 1000000000
2 1000000000
7 10000000
999 2
999 13
7 5
7 10000000
3 999999999
1000000000 1
2 999999999
1000000 13
999999999 1000000000
1000000000 3
1 100000
1000000000 100000
7 1000000000
1 8
1000000 3
11 1000000000
999 1
999 10000000
999999999 8
3 13
7 13
2 8
1000000000 13
999 2
999999999 1000000000
999 5
3 999999999
100 10000000
999 10000000
999999999 3
100 13
999999999 8
3 1000000000
11 1
2 1
100 100000
3 1
2 10000000
11 3
999 999999999
1 10000000
2 5
999 1000000000
999999999 100000
2 5
1000000 999999999
2 10000000
999999999 3
1000000000 5
3 8
2 10000000
100 1
2 999999999
7 10000000
999 10000000
2 5
1 8
1000000000 2
999999999 100000
1000000000 100000
1000000 1000000000
1000000000 13
7 5
1000000 3
1000000 10000000
1000000 1000000000
1000000 1000000000
999999999 3
999 5
999 10000000
1000000 3
3 1000000000
2 13
2 5
1000000000 3
1 5
1 1
2 3
1 13
1000000 3
1 5
999999999 1
7 1
100 3
7 1000000000
100 5
100 2
1000000 5
11 10000000
11 100000
999 2
100 1
2 1000000000
1 8
999999999 13
100 1
999999999 2
1000000 5
999999999 2
999999999 999999999
1000000000 3
7 8
11 1000000000
7 1000000000
1 10000000
999999999 3
2 1000000000
7 13
100 999999999
7 3
100 10000000
1000000000 2
11 999999999
100 10000000
1000000000 1000000000
100 1000000000
1 100000
1000000000 1
1000000 1
1000000 999999999
100 10000000
1000000 1
1000000 2
11 2
1000000000 1
1000000 2
3 3
100 100000
1000000000 5
1 1
1000000 1000000000
1000000 10000000
1000000 8
999 2
11 999999999
1 13
7 3
1000000 1
100 2
11 2
1000000 1
1000000 2
999 8
1 1000000000
3 3
999999999 100000
1000000 1
3 1000000000
11 13
999 3
1 1000000000
999999999 100000
999 1
999999999 1000000000
1000000 13
100 13
11 999999999
999999999 5
2 3
2 999999999
999 10000000
11 13
3 1000000000
1 1000000000
100 1
1000000000 3
1000000 1000000000
3 3
1 3
1000000000 5
2 999999999
1000000000 3
1000000 1000000000
2 1000000000
1000000 1000000000
999999999 100000
11 2
999999999 10000000
11 999999999
999999999 5
11 13
1000000000 999999999
1 1000000000
1000000 1000000000
3 8
100 1
999999999 10000000
11 2
100 999999999
1000000 1
1 2
100 1
999999999 1000000000
1000000 999999999
11 8
3 5
11 999999999
2 1000000000
11 13
2 5
1000000 100000
1000000000 1
1000000000 3
999999999 8
100 13
11 5
1000000 2
999999999 13
1000000000 2
1000000 13
7 3
11 8
999 5
999 1000000000
7 3
7 100000
1000000000 2
2 1
100 3
1 5
11 1
3 8
7 100000
3 999999999
100 999999999
1000000000 1000000000
999 8
2 5
2 13
1000000000 10000000
999999999 1
1 1
100 3
1000000 10000000
2 8
999999999 10000000
7 100000
7 10000000
11 100000
1 100000
1 8
3 8
1000000000 10000000
3 100000
2 1
100 100000
1000000000 999999999
1 100000
3 1
1 100000
11 13
7 10000000
3 3
999999999 100000
1000000000 10000000
1 2
11 1
1 3
11 100000
7 999999999
11 1
1000000000 10000000
999999999 1000000000
11 8
1 2
11 8
999999999 8
11 2
999 5
1000000 100000
2 3
1000000000 100000
2 1000000000
999999999 5
3 8
7 1
100 999999999
100 13
3 3
999 5
2 100000
1 13
100 100000
2 1000000000
3 10000000
1000000000 13
1000000000 3
1000000 999999999
100 3
1000000000 8
999999999 5
7 8
7 8
11 100000
1000000000 10000000
999 100000
11 2
1 1
1000000 1000000000
2 8
100 999999999
1000000000 100000
999999999 13
2 2
1000000000 1
1000000000 5
100 999999999
7 2
7 100000
7 5
11 8
100 100000
999 10000000
2 1
2 1
100 10000000
7 8
1 2
7 100000
100 999999999
999 5
1000000 1000000000
1 2
3 3
100 2
3 8
3 1
11 100000
7 10000000
3 100000
1 13
999 13
7 8
100 13
1000000000 3
2 13
999999999 999999999
1 1
100 100000
100 2
7 8
999 3
11 3
2 2
11 2
3 13
11 2
1000000000 2
1 1000000000
2 10000000
1000000 13
11 2
2 8
1000000 10000000
2 13
7 100000
999999999 5
100 1000000000
7 10000000
999 5
999 13
999999999 2
999999999 100000
11 100000
11 1000000000
2 5
3 999999999
2 5
11 8
1000000000 8
1000000 8
2 3
999999999 100000
3 5
1000000 3
2 100000
1000000 2
3 3
999 5
100 13
2 3
11 1000000000
999 1
1 10000000
11 10000000
1000000 5
100 2
7 8
3 3
999999999 100000
3 10000000
3 8
1 100000
999999999 100000
1000000000 10000000
999999999 100000
1000000 2
3 999999999
2 100000
1 3
999 13
3 8
3 10000000
1000000000 5
1000000000 1
1 999999999
1 1000000000
999 1000000000
999999999 1
1000000 5
2 100000
3 10000000
999999999 3
999999999 100000
11 10000000
1 1
3 10000000
1 999999999
999 10000000
2 8
3 13
999 1
1000000000 5
1 999999999
100 5
2 2
1000000000 10000000
1 100000
999999999 999999999
100 1000000000
7 1
2 3
1000000000 999999999
2 5
11 999999999
2 1
7 8
11 3
11 1
3 8
3 999999999
3 2
1 100000
1000000000 999999999
1000000 2
2 1000000000
7 13
100 5
1000000 5
999999999 100000
3 1000000000
1000000 5
1 999999999
7 100000
999 8
1000000000 5
7 5
999999999 8
1 10000000
2 1000000000
999999999 1
999 100000
100 1000000000
1000000 1000000000
7 1000000000
999999999 10000000
999999999 5
100 10000000
1 1
1000000000 1000000000
1 5
1 999999999
1 3
999 1000000000
1 1
1 1000000000
2 10000000
7 5
999999999 8
1 5
7 3
1000000000 2
999999999 3
2 1000000000
11 13
2 13
1 100000
999 1
1 100000
100 999999999
1000000 999999999
1000000 1
11 8
999999999 8
999999999 1000000000
2 5
999999999 10000000
3 1
1 5
2 10000000
1000000 8
2 5
999999999 1000000000
2 8
100 5
1 3
1000000 1000000000
7 10000000
3 8
7 1
2 1
7 1
1000000 10000000
11 3
999999999 1000000000
11 999999999
1 3
999999999 1
1000000 3
11 1
2 13
1000000 8
999 2
2 100000
7 13
7 999999999
2 8
7 13
1000000 100000
1000000000 8
999 100000
2 1
999 100000
999 5
11 2
1000000000 3
2 100000
100 8
100 1
999 10000000
100 5
1 13
999999999 13
999 13
999 5
1 2
999999999 2
100 1000000000
100 5
100 1
1 8
999 2
7 999999999
3 1000000000
999999999 8
1000000000 13
1000000000 3
11 3
3 999999999
1000000000 100000
999999999 13
2 3
999999999 1
999 13
3 3
3 1000000000
100 999999999
1000000 13
3 8
3 100000
11 2
999999999 5
7 5
1000000 8
3 2
100 100000
1000000000 13
2 2
3 100000
100 1
1 13
999999999 10000000
100 8
999999999 1000000000
999 13
999 2
7 999999999
1 10000000
3 1
100 13
1 3
7 8
1000000000 1000000000
3 13
3 3
11 13
1000000 1000000000
7 999999999
1000000 1
7 13
100 5
1 2
100 3
1 1
11 1
1000000 999999999
2 999999999
999 13
11 5
2 3
100 1000000000
999 13
2 100000
3 10000000
1000000000 8
1 999999999
999 5
3 10000000
1000000 2
999999999 10000000
1 1000000000
100 999999999
3 5
1000000000 100000
999 1
999999999 2
3 2
2 8
7 10000000
999 10000000
3 1000000000
1 1000000000
999 100000
2 3
1000000 8
1000000000 999999999
1 10000000
1 8
999999999 1
1 1000000000
100 5
7 100000
1000000000 13
1000000 2
11 2
999999999 100000
999999999 999999999
11 10000000
999999999 10000000
11 5
1000000 1000000000
11 999999999
999 8
100 2
7 13
100 10000000
999999999 2
999999999 1000000000
999 5
1000000000 3
11 999999999
100 13
2 3
999 1000000000
3 5
999999999 8
100 10000000
7 1000000000
7 2
11 10000000
3 999999999
7 5
3 8
999 2
11 3
1 5
7 10000000
1000000000 5
999 8
2 8
999999999 1000000000
1000000 1
1000000000 8
2 999999999
1000000 3
2 3
1000000 1000000000
11 8
1 100000
2 1
3 5
11 8
2 3
999 10000000
1000000000 5
999999999 2
2 1
999 999999999
999999999 13
1000000 5
1000000000 5
3 10000000
1000000000 10000000
999 10000000
7 13
7 13
2 5
7 100000
2 10000000
999 8
100 3
2 13
999 1
7 8
100 10000000
999999999 3
999999999 2
1000000000 10000000
1000000 2
1000000 100000
100 5
2 1
999 8
2 2
3 3
7 3
7 8
999 2
999 2
999999999 10000000
7 2
11 1
100 1
7 1
1000000000 3
11 10000000
7 10000000
1000000000 1000000000
1000000000 100000
11 1000000000
100 2
2 2
1000000 13
100 10000000
11 10000000
1 8
100 5
1000000 3
1000000000 2
1000000 5
7 13
3 2
1000000000 100000
7 5
2 3
1000000000 1000000000
3 10000000
1000000000 100000
2 2
3 999999999
7 3
2 8
7 5
999 2
999 10000000
7 10000000
1 100000
1 1
1000000 13
999999999 999999999
1000000000 1000000000
1000000000 3
1 13
3 13
11 8
999999999 999999999
11 5
999 1000000000
2 5
1000000 999999999
2 100000
11 999999999
100 3
11 3
100 1
1 1000000000
7 8
2 999999999
7 3
100 8
100 13
1000000 1000000000
2 8
1 8
7 10000000
1000000000 10000000
11 2
3 2
1 3
2 3
1 1
1000000000 8
100 1000000000
999999999 999999999
1000000 8
1000000 5
1000000000 100000
1000000 5
999 100000
999999999 999999999
999999999 999999999
2 1
100 1
999999999 5
3 13
11 1
1000000000 10000000
2 100000
2 3
999999999 2
999 2
999 1000000000
7 10000000
7 100000
999999999 10000000
1000000 100000
999999999 3
1000000000 1
7 100000
2 100000
7 1
100 2
2 100000
1000000 2
11 2
7 2
11 999999999
999 5
999 3
3 3
1000000000 1
3 1
11 3
2 2
999999999 5
1000000000 13
11 13
11 1
11 5
999999999 3
1000000 13
999 3
999999999 5
1000000 13
999999999 3
999999999 13
7 1
11 100000
2 1000000000
1000000000 999999999
3 1
1000000000 8
2 8
1000000 2
11 5
7 1000000000
2 5
999999999 100000
1000000 1000000000
999999999 3
1000000000 3
1000000000 8
1 100000
3 100000
11 5
2 100000
1000000 999999999
1 2
7 5
1 8
1 13
7 13
11 8
999999999 13
100 1
1000000000 8
3 1000000000
1 100000
7 999999999
1000000 2
2 3
1000000 13
11 999999999
3 100000
1000000 1
2 8
1 3
1000000000 10000000
1000000 1
999 1000000000
999 100000
3 2
1 2
1000000000 999999999
2 999999999
999 999999999
999 5
11 1
999999999 10000000
7 1
100 2
3 999999999
999999999 8
999999999 1
7 5
999999999 3
1000000 999999999
3 1
999999999 8
2 3
7 3
1 2
11 13
3 10000000
2 10000000
999 3
3 100000
100 2
1000000000 13
1000000000 10000000
1000000 999999999
100 13
11 1000000000
1000000000 3
999 5
999999999 13
3 1000000000
999999999 2
1 999999999
2 13
100 13
11 999999999
100 3
3 5
1000000000 3
1000000000 1
3 1000000000
7 8
100 13
2 13
7 2
7 1
3 1
2 2
100 13
7 3
999999999 100000
1 1
999 999999999
100 3
7 1
3 5
11 999999999
999999999 1
1 13
11 3
3 1
7 10000000
1000000 2
2 8
999 13
2 5
11 2
1 100000
1 1
100 2
1000000 10000000
7 999999999
2 8
100 13
999999999 13
999 3
1000000 100000
11 1
11 100000
999999999 999999999
2 1
7 1000000000
1000000 10000000
1000000 100000
1000000000 2
1000000000 1
2 1000000000
1 3
1000000 2
3 8
7 1
1 999999999
1000000 13
100 1
1000000 100000
3 3
1000000 1
1000000000 5
1000000 10000000
2 2
1000000000 100000
3 10000000
999 10000000
999 13
2 3
2 8
100 13
999999999 5
100 999999999
2 13
1000000000 3
11 1
1000000 999999999
7 10000000
999 999999999
1000000 1
7 100000
3 1000000000
1000000 2
2 8
1000000 3
3 999999999
1 10000000
1000000 13
999999999 5
11 1
999999999 100000
100 8
11 100000
1 10000000
999999999 5
11 999999999
3 1000000000
1 13
3 100000
3 13
999 2
11 1000000000
2 999999999
100 2
11 2
2 100000
1000000000 10000000
1000000000 3
999 3
11 1
3 3
3 8
7 999999999
100 13
1 8
2 10000000
999999999 5
1 10000000
100 999999999
999 999999999
7 1000000000
11 1000000000
1 13
11 2
2 100000
3 100000
999 999999999
11 3
11 2
1 100000
11 1
100 5
100 5
999 8
999 3
3 999999999
999999999 2
1000000000 100000
11 100000
3 10000000
999999999 13
100 1000000000
11 5
1000000 1000000000
2 1
1000000000 13
1000000 8
100 10000000
7 999999999
100 100000
2 13
100 999999999
11 1000000000
11 13
999999999 100000
11 5
1000000000 1
999999999 1
3 1
100 999999999
11 13
1000000000 1
999 100000
100 1
1000000 13
1000000 3
1000000 10000000
999999999 100000
1000000000 10000000
2 8
999 1
3 100000
1000000000 3
999 2
7 1000000000
999999999 2
2 1000000000
1000000000 1
1 8
3 5
1000000 10000000
1000000000 2
999 2
3 999999999
100 999999999
999999999 13
1000000 100000
100 1000000000
3 5
999999999 1000000000
999999999 3
7 2
999999999 8
1000000 2
2 8
1 2
1000000 100000
11 1
1 1
11 1000000000
100 5
7 100000
3 5
999 3
100 1000000000
11 10000000
7 13
999 100000
7 3
11 10000000
999999999 2
1000000000 1
999999999 8
999999999 10000000
1000000000 999999999
1 10000000
7 8
3 5
1000000 3
3 3
1000000000 5
7 2
1 1000000000
11 13
1 5
1000000000 1
1000000000 999999999
2 1
1 13
7 10000000
100 2
7 999999999
999 5
1000000000 1000000000
999 999999999
11 1
3 2
1000000 999999999
1 10000000
999 1000000000
2 3
3 1
11 10000000
999999999 100000
2 13
999999999 1
999 100000
100 1000000000
100 100000
2 8
1000000000 100000
1 999999999
1000000 5
3 999999999
2 10000000
11 100000
999 100000
11 13
7 3
100 10000000
1000000000 13
1000000000 1
11 10000000
1 1
7 10000000
7 2
3 5
1000000 3
3 3
2 2
1000000000 1
999999999 999999999
1000000 1
999 13
11 100000
999999999 10000000
2 10000000
999999999 8
1000000000 100000
999 3
1 13
3 100000
7 8
1000000 1000000000
1000000 999999999
1000000000 1
999999999 2
7 5
11 2
1000000 8
1000000000 13
2 5
1 13
3 10000000
1000000000 2
7 100000
7 1000000000
7 10000000
999999999 10000000
2 3
100 999999999
11 100000
999999999 3
3 2
100 1
2 2
1 1000000000
2 10000000
100 5
1000000000 10000000
999999999 1000000000
3 10000000
1000000 2
1000000 10000000
3 1
1000000 999999999
7 10000000
999 13
999 8
1000000 1
2 1000000000
999999999 13
999999999 1
3 2
100 10000000
7 13
999 1000000000
3 10000000
3 999999999
100 10000000
100 2
1 2
1 100000
1 1000000000
2 1
7 13
1000000 10000000
11 13
1000000000 999999999
3 1
999999999 13
2 10000000
3 100000
1000000 1
3 13
1 5
11 100000
999999999 2
3 100000
1 3
999 10000000
999999999 3
11 1
1000000000 5
1000000 999999999
100 5
3 10000000
1 100000
11 100000
3 1
100 100000
7 5
11 10000000
2 10000000
999999999 1
1 13
2 1000000000
1000000 1
100 999999999
999 3
999 3
100 3
11 2
11 5
3 10000000
1 3
2 999999999
11 999999999
1000000000 1
1 13
999999999 13
1000000000 100000
7 1000000000
1 5
2 5
1000000 5
1000000 3
999 5
1000000000 1
11 2
1000000000 999999999
999 3
1000000 999999999
11 5
1000000 10000000
1000000000 999999999
100 3
999 100000
1 1
1000000000 13
7 999999999
100 999999999
100 13
7 10000000
3 1
999999999 100000
1000000 8
3 1
1 10000000
2 8
999999999 8
999 2
2 1000000000
999999999 5
1 13
100 1000000000
999 5
100 13
999 999999999
1000000000 8
2 100000
2 999999999
1 3
100 999999999
3 2
11 100000
7 8
2 100000
1 5
3 8
1000000000 1000000000
1000000 999999999
1000000 5
1000000 999999999
999999999 3
999999999 1
2 100000
3 10000000
1000000 1
2 8
2 3
999999999 3
999 8
999999999 1000000000
7 8
100 999999999
2 13
1000000 13
999 13
2 13
100 5
1 2
999 8
999 5
100 5
2 13
7 10000000
7 100000
100 1
1000000 1
1000000 5
100 1
999 10000000
1000000000 3
1 8
1000000000 10000000
1 8
999 10000000
1000000 1000000000
100 5
1000000000 999999999
2 1
999999999 1000000000
999999999 1
2 3
11 2
3 3
2 10000000
999999999 1
1000000 2
2 2
3 3
999 100000
7 1000000000
7 13
999999999 10000000
999 100000
11 1000000000
1000000 10000000
7 1000000000
11 2
999 999999999
1 3
1 3
1000000 8
1000000000 10000000
1 1000000000
1 1000000000
7 999999999
999999999 1000000000
1 5
1000000 10000000
999999999 5
1000000000 5
1000000000 5
100 100000
999999999 13
2 10000000
1 10000000
999999999 5
1 999999999
2 1000000000
1000000000 1000000000
1 3
7 999999999
999999999 100000
100 3
1 10000000
7 999999999
2 13
100 1
2 2
999999999 8
1000000000 3
7 3
999999999 5
7 100000
7 10000000
999 5
7 10000000
1000000000 13
3 999999999
7 13
11 3
100 5
3 10000000
999999999 8
1000000000 3
100 2
2 10000000
7 13
1000000000 10000000
3 1000000000
999999999 1
2 13
1000000 5
100 3
3 999999999
11 13
999 999999999
2 100000
1000000 8
1000000000 13
11 999999999
1000000000 5
7 8
1000000 100000
3 10000000
999999999 1000000000
1000000 3
11 2
1000000 1
100 100000
999999999 999999999
1000000 8
3 1000000000
999 3
1000000000 2
7 8
7 10000000
1000000000 1000000000
11 10000000
2 3
999999999 1
999999999 13
1 3
999 13
2 3
999999999 13
999999999 2
11 13
7 1
1000000000 13
7 8
100 5
2 13
3 13
11 1
999999999 1
2 999999999
1000000 10000000
2 1000000000
999999999 13
3 8
3 100000
999999999 100000
1000000 3
7 13
1000000000 3
11 10000000
11 10000000
1000000 8
999999999 2
1000000 10000000
1 8
100 1
1 3
3 13
7 3
3 100000
1 8
7 2
999999999 5
7 8
7 3
999999999 13
100 100000
11 1000000000
11 100000
100 8
999 8
7 10000000
1 1000000000
2 13
1000000000 999999999
1 1
3 13
1 100000
999999999 1
2 8
999 5
11 8
100 13
2 8
999 1000000000
7 5
11 13
11 100000
1000000000 5
999 999999999
100 1
2 3
1000000 999999999
1000000 5
1000000 100000
1000000000 100000
3 13
3 999999999
11 3
999999999 999999999
100 999999999
999 13
2 3
7 8
3 2
999 5
7 1
1 13
999 10000000
11 999999999
999999999 100000
2 10000000
999999999 1000000000
999999999 1
2 2
11 3
7 10000000
999999999 13
2 1000000000
999 1
2 1000000000
999 100000
1000000 10000000
100 999999999
1000000000 10000000
3 5
2 3
1000000000 13
1000000000 100000
2 1
1000000000 100000
2 3
7 10000000
999 1000000000
7 8
100 999999999
999999999 8
3 13
1 2
11 8
999999999 100000
100 2
2 3
1000000000 8
3 2
1000000 1
1000000 3
1 999999999
11 10000000
100 2
1 10000000
999999999 1
1 5
1 999999999
2 1000000000
100 100000
11 8
999 2
7 10000000
100 3
1 10000000
1000000 5
1000000 5
11 3
100 8
1 8
999999999 1000000000
100 2
100 999999999
1 13
100 100000
7 8
1000000 2
999 999999999
100 10000000
1000000000 8
100 13
1 13
11 3
2 10000000
3 100000
11 1000000000
1000000000 13
100 999999999
1000000000 13
1000000000 999999999
7 13
1 13
1000000 999999999
999 1
999 999999999
2 5
999 13
100 8
2 3
2 1000000000
999999999 999999999
7 999999999
999999999 1000000000
2 5
11 8
1000000000 2
11 3
1000000 3
1000000000 13
100 8
1000000 100000
7 5
2 5
2 13
1000000 10000000
999999999 1000000000
999 999999999
2 999999999
3 100000
100 5
7 999999999
1 100000
1000000 10000000
7 999999999
3 999999999
2 100000
7 999999999
999999999 1
1000000000 3
11 1000000000
1 8
100 2
1 13
1 5
100 3
2 2
999999999 10000000
11 2
1 1
11 8
1000000000 13
999999999 1
2 1000000000
2 1
3 5
100 10000000
11 100000
3 13
1000000000 999999999
999 100000
7 5
1 3
3 8
11 10000000
7 13
999999999 5
7 999999999
999999999 8
999 3
1 1
1 13
11 2
7 1000000000
2 8
1000000 10000000
7 2
999999999 1
1 999999999
1000000000 10000000
1000000000 1
7 13
1000000 2
11 1000000000
1000000 1
1 999999999
999 1000000000
1000000000 5
999999999 8
2 3
1000000 1
1000000 1
1000000000 10000000
100 3
1000000000 13
999999999 999999999
2 100000
1000000000 100000
1000000000 100000
1000000000 3
2 8
1000000000 3
999 10000000
1000000 10000000
3 10000000
1000000000 5
999999999 10000000
999 3
1000000 1
1000000 13
11 1
2 5
1 100000
1 3
1 3
999999999 2
1 100000
999 2
2 2
1000000 5
3 8
1000000 3
100 10000000
100 3
2 1
999 100000
2 1000000000
999999999 8
999 1
7 10000000
11 2
7 1000000000
1000000 13
11 2
1000000 3
1 1000000000
999999999 1
3 10000000
7 3
3 10000000
7 3
3 100000
100 1000000000
999999999 10000000
3 100000
3 100000
999 100000
2 1000000000
999999999 1
3 3
2 1000000000
999999999 1
7 13
2 13
7 8
1000000000 1000000000
11 2
2 3
2 100000
999 100000
1000000 5
1000000 100000
7 999999999
1 8
1 2
7 8
3 10000000
7 1
100 100000
1000000000 3
1000000 2
11 1000000000
1000000000 100000
1000000 8
2 3
1000000000 999999999
1000000000 8
100 5
1000000 100000
2 999999999
999 100000
11 100000
1000000 2
999999999 1
1000000000 999999999
999999999 2
999 999999999
7 3
1000000 2
1000000 8
100 999999999
2 5
7 2
7 5
100 999999999
7 100000
3 1000000000
1000000000 13
7 3
1000000 1000000000
3 999999999
1000000000 8
999 100000
100 2
999999999 2
1000000000 13
999999999 1000000000
2 5
11 100000
100 8
1000000000 10000000
999 999999999
7 1000000000
999999999 1000000000
1000000000 1000000000
3 10000000
100 2
999 1000000000
1 100000
2 999999999
100 8
3 1000000000
1000000000 13
2 3
11 5
1 100000
11 1000000000
1 8
1 13
999999999 100000
100 2
999 100000
2 13
2 999999999
1000000 1000000000
1 13
1000000 999999999
11 999999999
1000000 999999999
3 100000
999999999 1
999 1
7 999999999
100 999999999
100 999999999
999 3
1 1
999999999 100000
100 100000
3 3
100 3
999999999 10000000
11 10000000
999999999 10000000
3 8
3 8
3 8
100 5
2 1000000000
11 999999999
1000000 5
999999999 999999999
1 999999999
7 2
100 8
11 1000000000
1000000000 10000000
2 10000000
999999999 1
7 8
999 999999999
11 13
999 8
1 999999999
1000000000 999999999
7 1
999999999 3
999999999 13
1000000000 100000
999999999 3
2 1000000000
2 8
100 2
1000000000 1000000000
1000000000 1000000000
999 10000000
999999999 10000000
1000000 1000000000
1 8
1 13
3 5
11 13
2 2
1000000 13
1000000 100000
999 1000000000
11 3
2 1
100 999999999
1000000 100000
3 1
2 2
1 3
2 13
2 5
3 5
999999999 999999999
3 5
100 100000
999 8
100 13
999999999 8
2 5
1000000 13
1000000000 1
999999999 10000000
1 999999999
1 5
1 1
11 1
3 3
7 1000000000
7 1000000000
100 1
1 5
7 5
7 10000000
100 100000
1000000 1
100 1
1 3
100 8
999 100000
11 2
7 1000000000
2 8
3 999999999
1000000 8
3 999999999
1000000 100000
11 13
7 5
11 1
1000000000 5
3 1
100 3
1000000 3
1000000000 999999999
1 1000000000
999 10000000
1 1
2 100000
999999999 999999999
7 1
7 1000000000
1000000000 1
3 8
1000000 1
1000000 5
2 999999999
3 3
1000000000 2
999 999999999
2 100000
1000000000 999999999
999 1
1000000000 8
1000000000 8
7 10000000
1 100000
1000000000 1
100 3
1 10000000
999999999 1000000000
11 1
11 10000000
1000000000 13
1 3
2 1000000000
11 1000000000
1000000 999999999
100 1000000000
1 13
1000000000 2
999999999 1000000000
2 1
999999999 999999999
999999999 999999999
100 10000000
999999999 10000000
3 13
100 2
2 3
11 13
1000000 13
3 8
11 2
3 13
999999999 5
2 1
1000000000 1000000000
7 1
1000000 999999999
100 1000000000
11 999999999
11 999999999
999999999 10000000
3 10000000
11 999999999
1000000 5
7 100000
999 1
3 10000000
100 999999999
3 3
11 2
100 999999999
11 13
100 100000
1000000000 1
3 2
3 1000000000
2 10000000
2 3
100 8
999 10000000
1 5
1000000000 10000000
11 100000
100 3
7 1000000000
3 2
1000000000 3
1000000000 5
1000000 100000
1000000000 3
1000000000 8
2 3
11 999999999
100 13
1000000 3
1000000 100000
999999999 8
999 1000000000
1000000 8
11 13
7 10000000
1000000 1000000000
999 5
11 10000000
999999999 5
1000000 8
1000000 1000000000
999999999 3
100 1000000000
7 2
100 2
3 100000
1000000 2
11 1
1000000000 13
1 2
100 1000000000
1000000000 5
11 10000000
1000000000 13
999999999 1000000000
1000000 5
999 3
1 100000
3 3
11 3
3 13
1 8
999 1000000000
11 100000
999 10000000
1000000 13
7 999999999
1000000000 5
1 13
999 1000000000
1000000000 13
1 10000000
3 10000000
1 10000000
2 3
11 10000000
7 999999999
1000000000 5
999999999 5
999 100000
999 1000000000
7 999999999
999999999 2
3 2
3 1000000000
1000000000 10000000
3 5
2 3
11 1000000000
100 3
7 5
2 5
1 5
3 2
1 3
1000000 1000000000
11 999999999
1000000 999999999
100 100000
999 10000000
7 10000000
1 1000000000
999 1000000000
1000000 5
7 100000
7 13
7 3
999 3
100 2
999999999 2
1 3
7 999999999
3 8
999999999 13
1 2
999999999 5
7 2
999999999 100000
11 5
1000000000 1
7 999999999
999 2
1000000 100000
2 1
11 1000000000
11 999999999
999 3
7 2
100 5
7 13
100 100000
1000000000 1
1 13
999999999 8
999999999 100000
100 1000000000
11 999999999
999 100000
2 999999999
3 3
2 5
2 999999999
7 100000
999 2
2 1000000000
3 1
11 100000
11 13
999 10000000
11 999999999
3 999999999
3 5
100 100000
11 2
7 2
1000000000 3
1000000000 1
1000000 13
7 13
11 5
1 100000
999 1000000000
7 13
7 5
1 1
7 2
1000000 100000
7 1000000000
7 8
3 100000
1000000000 999999999
1000000000 10000000
100 1
1 999999999
7 10000000
100 100000
2 1
7 10000000
999999999 2
2 999999999
999 999999999
2 999999999
7 13
7 2
999 8
11 3
999 10000000
100 13
1000000000 13
999999999 13
1 1000000000
7 13
999999999 13
1000000000 2
100 10000000
7 13
999 1
100 100000
11 3
999 10000000
11 999999999
7 5
1000000 3
999999999 999999999
999 100000
2 8
3 8
1 13
999 10000000
7 13
2 8
1 2
1000000000 999999999
1 5
999 999999999
3 1
999999999 1000000000
2 2
3 8
999999999 999999999
3 13
1000000 3
1 8
1 13
2 1
11 1
2 10000000
1000000000 1000000000
100 1
2 10000000
1 10000000
1000000000 100000
100 10000000
11 999999999
1000000000 999999999
3 1000000000
2 1
7 3
999999999 13
7 10000000
2 10000000
2 1000000000
1000000 1000000000
11 5
2 999999999
999999999 1
3 10000000
999 8
999 1000000000
999 1
3 5
3 1
7 10000000
1000000000 1
999999999 1000000000
999 3
11 3
11 999999999
1 100000
100 5
1 100000
100 100000
999999999 100000
1000000000 13
999 8
1 999999999
11 999999999
999 1
7 100000
2 1000000000
11 999999999
2 10000000
999999999 2
11 5
999 2
1000000 1000000000
1 1
11 1
999 2
7 8
999999999 5
2 100000
11 2
7 999999999
11 1000000000
1000000000 999999999
11 3
1000000 999999999
999 13
11 3
1000000 1
1000000000 2
2 8
100 13
100 2
11 8
1000000000 100000
7 999999999
7 1000000000
999 2
1 1000000000
1000000000 1000000000
1000000 1
1 2
3 999999999
999999999 2
999999999 8
3 5
1000000 3
1000000000 1
1000000 1000000000
3 3
3 1000000000
1000000 1
11 999999999
1000000 10000000
1000000 1
1000000000 1
7 5
1000000000 1000000000
3 13
3 100000
2 1000000000
100 3
999 1000000000
2 13
2 1000000000
11 1
7 2
999999999 1000000000
1 999999999
100 1000000000
1000000000 8
2 8
100 999999999
999999999 2
1000000 13
2 10000000
7 2
3 8
3 5
999 13
7 100000
1000000000 2
3 1000000000
1000000000 100000
1 8
2 2
11 100000
2 999999999
100 1
11 3
999999999 2
1 5
999999999 10000000
999999999 3
999999999 999999999
100 13
999 1
3 13
100 999999999
1000000000 999999999
1000000 5
1 13
1000000 8
2 1000000000
1 5
999 100000
1000000 3
7 8
999999999 999999999
11 2
2 5
1 5
3 5
2 2
1000000000 5
999999999 100000
3 1000000000
1 3
999 10000000
11 1
7 1000000000
11 100000
2 1
999999999 10000000
999999999 100000
999999999 13
1000000000 3
100 5
2 3
7 999999999
2 5
1000000 10000000
11 8
3 5
999 13
1000000000 3
11 5
1 999999999
1000000 5
999999999 10000000
11 10000000
999 10000000
11 2
999 8
2 2
11 3
100 100000
999999999 2
1 13
2 1
2 1000000000
2 999999999
1000000000 2
999 3
1000000000 13
7 2
1 10000000
1000000 5
1 999999999
999999999 13
1000000000 100000
1 999999999
1000000000 999999999
999999999 100000
7 1
11 100000
1000000000 3
7 100000
11 8
999 8
1 10000000
11 2
1000000 8
1000000 1
1000000 3
1 3
1000000000 1
999999999 100000
3 10000000
2 1
3 999999999
3 3
1000000000 2
1000000 2
1000000 2
2 1
2 2
3 999999999
999999999 10000000
999999999 13
11 5
7 10000000
1 5
3 8
1000000000 2
1000000 3
100 999999999
3 3
1000000 100000
2 1
1000000000 1000000000
3 1
1000000000 10000000
11 2
1000000 5
11 8
7 3
999 13
999999999 10000000
100 2
1000000 10000000
1000000000 2
11 1000000000
2 999999999
999999999 1
100 3
999999999 5
1 2
1 8
7 100000
999999999 2
100 5
2 100000
11 13
999999999 5
7 100000
100 1
1000000 10000000
2 999999999
100 8
1 1000000000
1000000 1000000000
1000000000 1000000000
999 1
100 1
1000000 13
3 1
1 13
999999999 1000000000
11 999999999
1 8
1000000 1000000000
3 10000000
7 8
2 100000
1000000000 2
7 8
1 8
999999999 2
11 5
2 13
7 1
7 13
2 999999999
1000000000 13
999 2
1000000000 5
100 5
2 100000
11 1000000000
2 100000
1 1000000000
11 3
2 1
1000000 1
999 2
999 100000
11 2
999999999 10000000
3 3
11 8
1000000000 2
11 5
7 3
1000000000 13
1 2
999 5
7 1000000000
2 13
3 100000
1000000 5
7 1
2 2
999999999 1
2 10000000
999999999 100000
11 999999999
999999999 10000000
1 8
999999999 5
999 2
999 999999999
11 8
1000000 3
3 3
1000000 13
2 1
1000000 13
1 8
11 1
999 2
999999999 100000
7 5
100 999999999
7 5
100 3
100 5
7 100000
999999999 1000000000
1 13
1 1
999999999 1000000000
3 8
11 100000
100 8
100 2
1 1
2 999999999
100 999999999
11 10000000
999 2
7 3
3 1
1000000 13
999 100000
999999999 13
999 3
100 1
11 2
999 8
1000000 3
1000000000 10000000
3 1
2 10000000
3 10000000
7 10000000
2 2
999999999 10000000
1 999999999
3 2
7 5
1000000000 999999999
7 10000000
7 10000000
999999999 13
11 1
100 8
3 3
3 3
999 1
1 999999999
1000000 100000
2 999999999
2 2
11 5
7 8
1000000 8
3 5
100 999999999
100 10000000
100 5
3 2
1000000000 999999999
999999999 13
100 13
11 1000000000
100 10000000
999999999 999999999
1 5
1 999999999
100 1000000000
7 5
7 1
7 1
3 13
2 100000
11 10000000
3 2
999999999 2
1 5
7 100000
7 10000000
1 1
100 1000000000
7 10000000
3 3
100 999999999
1000000000 1000000000
1000000 5
1000000 2
999 5
3 999999999
1000000 1000000000
100 1000000000
1000000 1
999999999 13
1 2
3 3
3 3
7 3
3 100000
7 100000
2 10000000
100 2
3 1000000000
7 8
1 999999999
7 13
999 1
100 2
7 2
7 999999999
1000000 1000000000
1 10000000
1000000 1000000000
999 13
1000000 10000000
7 5
11 1
7 8
3 100000
7 100000
999 8
999999999 2
1 5
999 2
3 999999999
1000000000 1
999999999 3
1000000 5
2 2
999999999 2
2 8
100 2
7 3
7 13
999 10000000
999 100000
1000000 8
999 8
1 1000000000
1 13
1000000000 13
11 999999999
11 8
1000000000 5
7 2
7 1000000000
999999999 13
1000000000 999999999
1 999999999
1 1000000000
1 5
11 13
3 3
1000000 10000000
100 2
999 10000000
999999999 5
1 999999999
1000000 3
11 8
1000000 3
999 10000000
100 2
3 13
1 10000000
1 3
100 10000000
1 2
7 100000
1000000000 1
3 3
999999999 2
100 13
1 1
2 10000000
100 10000000
7 100000
1000000000 100000
1 5
999 5
3 1000000000
999 8
7 13
3 2
11 8
100 1
1000000000 8
999 10000000
7 5
999999999 13
3 13
1000000 10000000
7 1
11 8
1000000000 1
1000000 10000000
999999999 10000000
1 5
999999999 8
1000000000 3
2 1000000000
1000000 10000000
999 13
999999999 2
1000000000 10000000
7 8
7 5
100 10000000
999 2
7 13
11 999999999
999999999 100000
3 1
2 3
1000000000 3
1000000 10000000
100 8
7 8
7 1
999999999 999999999
100 3
1000000000 13
999999999 999999999
999 5
11 2
100 2
7 5
999999999 1
7 999999999
1 999999999
2 100000
100 10000000
1000000000 999999999
1000000 8
100 1000000000
999999999 8
1000000000 13
999 5
7 3
1000000000 13
3 5
3 8
1000000 13
1000000 1
1 1
999999999 5
1000000 1000000000
1000000000 100000
11 1
999 13
1000000000 5
1 5
11 100000
2 100000
999 3
11 2
11 1
11 100000
100 10000000
11 999999999
100 100000
999999999 1
999999999 999999999
3 5
11 5
1000000000 1
2 5
999 3
7 8
999 1
1000000 13
7 1
999 1000000000
100 10000000
7 13
1000000 5
2 1000000000
3 5
7 1
1 1
1000000000 3
1 13
1 1
1000000 1
1 8
2 10000000
1 2
100 5
1000000000 3
1 2
1000000 2
1000000 2
2 1
7 1
100 10000000
1000000000 10000000
11 100000
999 3
7 13
11 100000
7 5
999 10000000
3 13
1000000 13
1 13
11 3
7 100000
1 999999999
11 10000000
100 999999999
2 13
999 8
1000000000 13
1000000 1000000000
999999999 1000000000
999999999 100000
1 999999999
999 999999999
999 1000000000
1000000000 2
999 5
100 1
1 1000000000
2 999999999
7 3
7 2
999 1
7 5
1 1000000000
999999999 13
11 1
100 1
3 13
999999999 1
11 3
11 100000
1000000000 1
1 999999999
11 1000000000
999 5
1 13
1000000000 100000
2 8
1 5
11 8
11 10000000
2 8
7 1000000000
1 999999999
3 3
100 10000000
11 1000000000
1 1000000000
11 1
2 13
999999999 2
999999999 100000
999 999999999
999999999 1
1000000 1000000000
11 13
1000000000 1
11 5
1000000000 10000000
7 999999999
1000000 999999999
1000000000 2
1000000000 999999999
11 100000
2 13
999 8
1 10000000
1 999999999
1000000 2
7 1
100 1000000000
3 1000000000
100 10000000
11 10000000
11 2
100 5
3 13
11 999999999
7 13
999999999 10000000
11 1
1000000000 1
2 999999999
1000000 13
1 1000000000
7 1
11 1000000000
7 1000000000
7 13
2 100000
3 999999999
1000000 1
1000000 1
3 10000000
100 5
1000000 1
1000000000 8
2 999999999
1000000000 1000000000
100 5
1000000 8
7 3
999999999 2
2 10000000
3 8
1000000000 8
3 2
11 1000000000
11 13
999999999 13
11 3
2 2
1 999999999
999 2
999999999 1
1000000000 5
999 100000
7 100000
100 3
1000000 999999999
7 3
1000000 10000000
2 100000
1000000000 5
999999999 1000000000
1000000000 8
3 999999999
3 999999999
100 1000000000
2 2
999999999 1
100 10000000
100 13
1000000000 1000000000
11 10000000
1000000 100000
3 8
11 1000000000
11 100000
1 1000000000
100 5
7 5
999 1
1 1
1 999999999
1000000000 999999999
999999999 3
999 999999999
2 3
7 10000000
2 1
999999999 5
999 10000000
11 100000
3 3
1 2
1000000 1000000000
100 5
999999999 5
11 5
100 999999999
1 1
999999999 999999999
1000000 5
7 5
100 8
999999999 3
999 13
11 2
11 5
999 100000
999999999 10000000
7 999999999
999 2
1000000 100000
1 2
2 10000000
7 1000000000
1000000000 13
2 1000000000
999999999 10000000
2 8
999999999 10000000
11 10000000
1000000000 10000000
3 5
7 1
11 999999999
999999999 3
1000000 3
1 1000000000
100 10000000
999999999 3
1000000 8
2 5
1000000000 10000000
1 5
100 13
100 1000000000
999 10000000
100 100000
100 100000
999999999 10000000
7 999999999
3 10000000
999 3
1000000000 1
999 1
1000000000 3
999999999 1
1000000000 10000000
1000000000 10000000
11 10000000
999999999 3
2 1
2 2
999999999 1000000000
999999999 5
7 1000000000
1000000000 1000000000
1000000 999999999
1000000 13
3 2
1 10000000
999 10000000
2 10000000
1000000 3
1000000 5
1000000 2
100 10000000
100 100000
999 5
999 999999999
1000000 1000000000
100 3
11 10000000
999999999 100000
1 100000
100 10000000
999 5
11 1
1000000 5
1000000000 2
100 2
1000000000 2
1 1
2 2
999999999 100000
1000000000 1000000000
100 5
1 3
999999999 1
1000000000 3
999999999 3
1000000000 999999999
1 1000000000
7 1
11 10000000
999 13
1 8
999999999 100000
3 999999999
1000000000 100000
100 999999999
11 2
11 1
1 1
1000000000 8
1 100000
1 5
999999999 1000000000
100 1
1000000 999999999
100 3
999999999 1000000000
7 1000000000
1000000000 1
999999999 1
3 1000000000
100 2
2 5
2 2
1000000000 1
11 13
100 8
999999999 1
7 8
100 5
11 10000000
1000000 13
11 8
100 999999999
999999999 5
3 13
3 999999999
2 8
999 100000
999999999 3
999999999 1000000000
3 10000000
1 1
100 1
11 999999999
7 10000000
1000000000 100000
2 999999999
1000000000 2
2 8
3 2
1000000 1
3 1
100 1000000000
100 5
1000000000 5
2 3
999 10000000
2 10000000
2 100000
1000000 10000000
100 1
100 3
999 100000
1000000 2
1000000000 8
3 5
999 13
999 5
100 100000
11 3
1000000 3
2 999999999
1000000000 3
1000000000 10000000
999 1
999999999 1000000000
100 8
100 8
7 100000
11 3
11 3
999999999 3
11 10000000
999999999 2
100 100000
7 1000000000
7 2
1000000 3
7 13
100 3
1000000 3
999 3
7 2
100 3
1000000000 100000
100 13
999999999 5
2 5
1000000 2
3 10000000
1000000 10000000
11 10000000
999 3
1000000 10000000
1 999999999
999 1000000000
999 13
1000000 8
999999999 1
999 8
1000000 13
1 3
1 2
999 10000000
7 2
999 1000000000
7 13
999999999 8
999 1000000000
1 1000000000
11 3
3 1000000000
11 999999999
1000000 1000000000
2 1000000000
2 13
1000000000 1
1000000 13
999999999 3
1 1
3 8
1000000 2
1000000000 5
100 1000000000
2 999999999
11 5
1000000 8
1 10000000
3 1
100 5
1000000000 999999999
999 1
3 1
3 2
11 1
999999999 1
1 8
11 1000000000
2 999999999
999999999 999999999
100 999999999
2 10000000
3 1000000000
1000000000 3
999 100000
999999999 3
100 999999999
7 3
7 1
1 1
1000000000 13
3 1000000000
2 13
1000000000 10000000
1 5
1000000 3
1000000 1000000000
999999999 2
7 999999999
999999999 1000000000
2 10000000
1000000000 2
1000000000 13
11 999999999
1000000000 10000000
999 8
3 13
3 5
11 10000000
1000000 1000000000
1000000 999999999
1 1000000000
999999999 8
11 13
100 100000
999999999 8
1000000000 1000000000
999999999 1
1000000000 1
1000000 5
1000000 5
7 3
1000000 5
11 1
2 3
3 1
11 3
100 999999999
7 10000000
11 999999999
7 1
1000000000 1
100 5
1000000 3
2 3
7 1
1000000 3
3 100000
1000000 999999999
1000000 10000000
1 100000
7 13
1000000000 1000000000
2 2
11 3
7 2
999 2
3 5
1000000000 2
999999999 13
100 100000
7 10000000
3 3
7 5
100 100000
11 13
999999999 100000
100 3
7 8
3 10000000
100 100000
3 1000000000
3 5
1000000000 999999999
999 100000
11 8
100 1
1000000000 999999999
2 100000
11 999999999
1000000000 2
7 1
1000000 1
2 8
1000000000 999999999
1000000000 999999999
999999999 100000
1000000 13
11 5
3 13
100 1
2 13
1000000 1000000000
1000000 8
7 8
1 100000
3 3
999 100000
999 1
7 2
3 1
1000000000 2
2 3
1000000000 10000000
3 2
100 13
1000000 100000
1 1
7 8
1000000 5
999 2
1000000 100000
11 1000000000
1000000 3
2 8
2 5
1 3
1000000000 1000000000
2 3
1000000 1
7 10000000
1000000000 3
3 8
3 2
1000000 8
3 8
999999999 13
100 3
7 13
11 8
11 999999999
1 5
1000000 100000
100 10000000
1 100000
999999999 8
1000000 8
11 5
1000000000 10000000
3 3
3 5
999999999 8
1000000000 1
1 10000000
3 5
11 13
100 100000
11 2
3 999999999
100 999999999
1000000 8
1000000000 1000000000
100 2
999999999 2
3 1
7 2
3 1
3 1000000000
999 8
2 1000000000
1000000 1000000000
11 10000000
100 13
7 2
11 5
999 13
999999999 3
1000000 3
1 3
1 1000000000
1000000000 5
7 5
7 3
999999999 100000
999999999 13
1 13
11 10000000
3 5
100 100000
11 13
999999999 8
1000000000 999999999
3 3
999 5
11 1
3 1
11 13
1000000 5
100 3
11 1
1000000000 5
1000000 13
1000000 8
11 5
100 10000000
999 8
7 2
1000000 999999999
3 10000000
2 1
3 13
1000000 100000
1000000000 5
3 8
1000000000 100000
1000000 2
1000000 3
3 1
999999999 10000000
2 8
3 2
7 8
999 1
3 13
1000000 5
3 10000000
7 1
3 999999999
2 3
100 13
1 3
1000000 10000000
1 1
7 2
7 999999999
999 100000
999 8
11 10000000
999 5
1000000 8
999999999 100000
7 13
7 1000000000
999999999 10000000
1000000 1000000000
999999999 3
1 13
2 999999999
11 1
2 5
100 2
100 1
999999999 1
11 8
2 13
100 100000
999 10000000
1000000000 5
1000000 10000000
3 1
1000000 999999999
999999999 5
1 1000000000
7 100000
1 3
999 999999999
1000000 3
1000000 8
11 8
3 8
1000000000 13
100 5
1 1
3 8
1000000000 5
100 2
1000000 100000
999 5
3 1
100 2
2 13
999 10000000
1000000 2
1 2
3 13
999999999 2
3 5
1000000 999999999
1 999999999
999999999 1000000000
7 999999999
1000000000 1000000000
11 1
999 3
7 1
1 999999999
3 999999999
1 1
1000000000 2
1 999999999
100 10000000
100 5
1 8
999 100000
100 3
999 100000
7 3
1 5
100 10000000
1 1
1000000000 1000000000
999999999 5
1 13
7 5
1 8
3 2
999999999 10000000
1 1
1 3
999 1
999 10000000
2 5
999999999 2
999999999 5
999999999 1000000000
11 3
2 13
999 10000000
2 100000
999 3
2 8
11 999999999
100 100000
2 100000
999999999 100000
999999999 10000000
2 13
1 2
100 100000
999999999 3
1 999999999
11 999999999
999 1000000000
11 8
3 3
3 2
1000000 8
2 999999999
1000000 5
2 1000000000
11 3
1000000 8
1000000 100000
999 999999999
1000000 8
1000000 13
1000000000 8
1000000 10000000
1000000000 10000000
1000000000 1
999 1
3 1000000000
100 1
11 1000000000
11 8
100 8
7 10000000
7 8
999 999999999
2 1000000000
999 999999999
7 5
11 8
7 10000000
7 5
1000000000 8
1000000000 5
11 8
3 999999999
999999999 5
1000000000 1000000000
1 2
1000000000 100000
7 5
1000000000 1000000000
11 1000000000
7 5
1 3
11 10000000
1 2
1000000000 13
999 1000000000
3 2
1000000 8
3 1
100 5
999999999 100000
1000000000 999999999
3 3
999999999 8
3 2
100 3
1000000 1000000000
11 1
11 999999999
1 1000000000
2 13
1 999999999
999999999 999999999
1000000000 1000000000
1000000 8
100 100000
1000000000 999999999
2 3
1000000000 10000000
7 999999999
999 1000000000
1 10000000
1 1000000000
100 8
11 1
100 1000000000
999 5
999 13
1000000 1
3 8
1 2
999 1000000000
2 10000000
11 8
999999999 1000000000
999 100000
1000000 5
1000000 5
1000000 100000
3 999999999
11 8
999999999 1
999999999 1000000000
1000000 1000000000
7 10000000
999 1
2 13
1 2
3 2
999 100000
1 10000000
999999999 5
999999999 13
1000000 10000000
1000000000 13
3 2
1 13
2 10000000
999999999 2
100 1
999999999 999999999
2 8
2 5
1000000 3
7 3
1000000 3
2 100000
7 999999999
2 3
100 1
11 100000
7 3
999 10000000
1000000000 1
999 100000
999999999 1
1 3
11 10000000
1 13
7 3
999 1
7 10000000
1 999999999
1000000 1
2 1
11 1000000000
1000000000 1
100 3
7 2
7 2
100 100000
3 8
100 10000000
1000000 10000000
999 1
11 1000000000
3 8
1000000000 13
1 1
100 8
1 1
100 10000000
1000000000 999999999
11 10000000
1000000000 5
7 8
11 10000000
999 5
1000000000 8
100 100000
999 10000000
2 1
100 3
100 1
7 1000000000
1000000 10000000
3 999999999
3 1
1000000 1000000000
999999999 13
999999999 100000
3 10000000
7 999999999
999 5
999999999 5
999999999 100000
999 10000000
999 8
11 2
2 5
3 5
1000000 1
1 999999999
3 13
3 8
1000000000 100000
11 2
3 3
11 1000000000
11 8
1000000 13
999999999 2
3 1
11 10000000
2 3
1000000000 8
1000000 3
2 8
1 1
1000000 3
1 10000000
3 3
1000000000 5
11 1000000000
100 3
100 999999999
1 1
7 5
1 10000000
100 3
999 10000000
100 10000000
1 5
3 8
999999999 3
100 8
1000000 10000000
11 10000000
100 5
1000000000 8
999 3
3 100000
1 1
100 5
7 2
11 10000000
11 1
2 999999999
999999999 100000
11 8
2 8
3 100000
3 3
2 1
3 2
1 1000000000
1000000 10000000
1000000000 1000000000
1 1
1 2
999999999 1000000000
1000000 13
1000000 13
1000000000 8
11 100000
1000000000 8
1000000000 8
999 5
2 2
100 1
1 1
2 2
3 1000000000
3 8
100 999999999
11 5
999 5
11 2
999999999 8
7 8
999 3
100 100000
3 1000000000
11 1000000000
11 1
11 999999999
2 13
11 999999999
999999999 2
2 5
7 1
999 1000000000
7 13
999 10000000
7 2
1000000 13
2 13
3 13
3 5
11 8
7 13
2 3
999 100000
999999999 2
1000000000 5
999 10000000
7 3
7 1
999999999 1
11 2
7 100000
3 2
999999999 5
999999999 1
1000000 13
7 13
2 999999999
100 10000000
2 100000
999999999 999999999
2 1000000000
100 1
1000000000 13
100 2
999999999 100000
999 13
3 1000000000
1000000000 100000
3 1
100 1
999999999 13
100 999999999
7 1000000000
100 8
2 100000
7 1
7 3
1000000000 2
7 1
7 2
2 1
100 3
100 1
1000000 13
1000000 1
1000000 1000000000
999999999 999999999
1000000 2
100 2
1000000000 3
1000000000 8
1000000000 2
100 2
3 999999999
7 13
100 1
1000000 1
11 5
1 5
1 8
1 13
999 8
999999999 1
7 10000000
100 5
7 999999999
7 1
7 5
999999999 10000000
2 13
999999999 8
999999999 1000000000
1000000 13
2 100000
1000000 10000000
999999999 3
11 100000
2 999999999
1000000000 1
2 10000000
999999999 100000
3 1
11 1000000000
100 1
1000000000 1000000000
100 10000000
2 2
1 999999999
100 2
999 999999999
999 10000000
11 1
999999999 1000000000
100 13
3 3
999999999 2
1 1
100 2
1000000 100000
1000000 2
1000000 1
1000000000 1
999 1000000000
2 1
2 2
100 100000
3 5
999 1000000000
100 1000000000
3 10000000
100 3
2 5
100 3
2 1
100 100000
1000000000 2
999 1
1 13
999999999 999999999
1000000000 8
999 100000
1000000000 1000000000
999 10000000
100 8
100 1000000000
1000000000 8
1 13
1000000 999999999
11 8
999999999 10000000
999999999 5
999999999 3
11 13
7 13
1000000000 100000
1 13
11 5
100 10000000
11 3
7 8
100 1
1 999999999
7 5
1000000 999999999
100 1
11 1
100 5
2 100000
100 13
999 1
2 999999999
999 5
11 1
1000000000 100000
999999999 10000000
999999999 100000
999999999 8
3 3
7 8
3 1
1000000000 2
100 5
999 1000000000
1000000000 100000
11 3
2 8
1 10000000
1000000000 1000000000
999999999 5
2 2
100 8
999 1
100 5
3 2
100 10000000
999 999999999
3 8
100 8
3 100000
1 999999999
100 8
2 1
1000000000 1000000000
999999999 1
1000000 1
999999999 5
2 1000000000
2 8
1 1000000000
999999999 2
2 5
999999999 3
100 13
999 13
999999999 8
7 13
1000000000 999999999
999 1000000000
11 999999999
1000000000 8
999999999 8
2 999999999
7 10000000
7 2
2 1000000000
3 5
11 3
999 999999999
1000000000 5
7 3
100 10000000
1000000000 5
100 1000000000
100 13
1000000000 13
2 10000000
2 1
7 999999999
2 13
7 8
2 2
3 999999999
100 1000000000
1 999999999
999999999 8
11 13
2 2
11 5
2 10000000
999999999 10000000
1 2
11 2
7 2
3 3
999999999 3
999 5
1 100000
1000000000 1
3 13
1000000 10000000
1 8
11 999999999
11 1000000000
3 100000
1000000000 999999999
999999999 2
1000000 100000
3 10000000
999 1000000000
1 10000000
999999999 3
1000000000 1000000000
999999999 2
3 2
1000000000 2
2 5
100 2
100 5
999999999 10000000
100 3
7 3
7 1
7 999999999
1 1000000000
1 999999999
1000000 999999999
3 3
999999999 10000000
1 8
999999999 3
3 999999999
1 1
100 3
1 3
999999999 3
999999999 13
2 2
1 100000
7 5
2 1000000000
100 13
11 999999999
100 1000000000
999999999 5
7 10000000
1000000000 2
3 3
999999999 8
1000000 5
999999999 3
11 100000
1000000000 13
999999999 2
2 100000
11 8
999999999 2
11 13
7 5
11 8
3 1000000000
1000000000 2
1000000000 1000000000
1000000 8
1 1000000000
999 8
1000000000 1000000000
2 2
1000000000 1
1000000 1
1 1000000000
100 1000000000
999999999 5
2 3
1 3
3 1
3 5
999999999 10000000
2 3
1000000 100000
999999999 1000000000
999 1
2 999999999
1000000 999999999
100 100000
11 2
999999999 1000000000
3 999999999
1000000 100000
3 100000
999999999 10000000
100 10000000
3 10000000
2 100000
1000000 100000
11 999999999
999999999 999999999
11 999999999
1000000 13
100 10000000
7 8
999999999 3
11 13
7 3
1000000000 1000000000
1000000 100000
1 13
1 999999999
1000000 13
7 3
100 3
1000000000 3
100 100000
999999999 10000000
999 2
1 999999999
11 3
999999999 100000
1 5
1000000000 100000
1000000000 2
1 100000
100 100000
100 1
999999999 2
999 3
2 10000000
100 1000000000
1000000000 10000000
11 8
11 8
999 1000000000
999 10000000
1000000 5
999 1
999999999 999999999
11 10000000
2 100000
2 1000000000
3 8
1000000000 999999999
999 8
3 100000
999999999 5
1000000000 1000000000
3 999999999
999 1
1000000 8
999 13
7 100000
999 1
1 10000000
2 3
3 999999999
1000000000 1000000000
1 10000000
3 1
1 3
100 3
999 13
999 1
100 2
2 2
1000000000 10000000
2 100000
1 10000000
999 1000000000
1000000000 10000000
3 1000000000
999 5
100 1000000000
11 1
7 1000000000
999 999999999
2 100000
999 5
999999999 10000000
2 3
1000000000 2
11 100000
1000000 8
3 1000000000
2 100000
1000000 10000000
1000000 999999999
999999999 1
2 1
100 8
1 3
1 5
100 3
100 1000000000
3 8
100 999999999
999999999 999999999
999999999 2
999999999 1
1000000 3
999 100000
7 999999999
7 13
7 8
3 999999999
1000000 1
1000000000 100000
7 13
1000000000 10000000
1000000 8
7 100000
999999999 2
999 100000
1 1000000000
999 5
1000000 1
11 100000
1 999999999
1000000000 8
100 1000000000
3 100000
999 1
3 13
999999999 8
1000000000 2
7 100000
1 3
3 13
999999999 2
1000000 3
2 8
2 10000000
999 999999999
11 1
1 999999999
3 8
2 13
11 5
1000000000 10000000
1 13
11 13
1 5
100 3
3 3
1000000000 100000
1 3
1 100000
11 1
11 13
1 10000000
3 2
999999999 100000
999 2
1000000 10000000
3 1000000000
1 1000000000
1000000 1
1 1
7 2
999999999 100000
11 1
11 13
1 8
100 3
100 3
999999999 10000000
999999999 13
999999999 10000000
7 999999999
7 8
11 999999999
100 10000000
11 5
2 3
999 10000000
999 5
1000000 10000000
1000000000 1000000000
1 999999999
1000000000 1000000000
999 13
1 13
1000000000 2
100 13
3 8
2 3
1000000000 100000
1 10000000
999 1000000000
100 8
999999999 8
999999999 999999999
999 8
1000000 13
1000000000 13
999999999 2
1 1000000000
1000000 5
1000000 13
3 1
999999999 10000000
1 999999999
11 1000000000
2 10000000
7 1000000000
999 1000000000
1 999999999
11 5
999 2
1000000 3
1 1
11 2
1000000000 999999999
999999999 1000000000
7 8
1000000 8
999 8
100 8
999999999 1
1000000000 13
3 100000
1 13
1000000 999999999
1 8
1000000000 999999999
999 5
1000000 13
999999999 3
999 5
100 8
1 13
3 999999999
999 5
2 1
1000000000 100000
7 1000000000
7 8
3 5
999 3
1 1000000000
11 1000000000
100 10000000
1 8
7 13
3 999999999
1000000000 2
999999999 5
1000000000 8
7 2
999 999999999
11 1
1000000 8
1000000000 100000
7 2
7 1
999 999999999
100 8
7 1
11 13
3 999999999
999999999 2
1000000000 1
3 100000
1 1
1000000 999999999
7 100000
1000000 100000
100 5
100 100000
1000000 1
999 1000000000
11 100000
2 3
1 13
999 3
11 999999999
999999999 999999999
999 10000000
7 2
1 10000000
999999999 1000000000
999 5
1000000000 13
1000000000 8
999999999 100000
2 1000000000
1 10000000
3 3
1 3
1 5
999999999 3
1000000 1000000000
3 5
1 1000000000
999999999 1
1000000000 5
11 2
999999999 1000000000
3 999999999
1000000000 2
3 2
999 1
11 1
999999999 5
999 2
999999999 100000
999 3
1000000000 1000000000
11 3
2 1000000000
1 2
1000000 1
999999999 1
2 10000000
100 2
1000000 999999999
1000000000 10000000
1000000 10000000
3 1
100 3
1000000000 100000
7 100000
1000000 1000000000
999 5
1000000000 100000
11 3
1 8
1 10000000
999 8
999999999 13
1000000 2
100 5
11 8
3 999999999
7 999999999
999 3
7 1000000000
1000000 1
7 5
7 2
1 1000000000
2 10000000
1000000000 8
7 100000
3 1000000000
2 8
3 8
1 100000
7 1000000000
999 8
7 100000
11 13
7 1
7 1
1000000000 999999999
999 5
2 1
11 1000000000
3 2
11 1000000000
11 1000000000
100 2
7 1
11 100000
999 1000000000
