2502 2502 1790
686 801
1654 420
518 2351
1208 579
2032 1337
382 2255
22 847
2495 2382
1987 1046
16 485
365 1934
1466 2483
634 1451
1305 556
365 725
1838 1324
337 271
128 2216
722 2095
1550 1349
24 1235
1515 941
1062 1274
1546 1427
2407 1865
1074 830
2172 2168
2459 2072
2443 2431
1078 2457
2140 752
1998 2439
1984 1547
1465 695
1243 1821
333 1917
919 2429
2028 871
2241 2448
533 1949
574 54
934 223
952 1087
1514 641
1348 912
191 994
1772 2333
1005 104
1741 2342
474 2136
2289 1607
1842 25
779 281
1498 2458
1415 105
1514 556
296 17
1246 1853
1748 2270
1292 519
2094 986
2022 3
188 1571
2482 33
1458 1413
2213 323
2223 704
1610 2352
1502 1720
1579 2250
2183 1430
1563 1715
1070 47
2037 62
1448 1077
1906 155
1626 318
1559 726
583 2215
425 1493
272 2194
2417 2271
2199 1066
1431 427
1168 1448
1200 570
890 1921
2190 1995
507 1231
2031 955
907 1815
1687 1993
1606 2003
2146 2186
258 753
1551 1943
2239 889
321 1070
1691 1673
18 1907
1046 339
556 203
1380 791
1423 1508
2169 1197
1833 1331
492 195
1635 244
81 437
1548 619
1956 876
1292 173
2388 1520
1380 1206
1701 1565
1676 107
773 750
996 1820
1385 624
1458 2025
75 321
2301 2217
2006 2152
26 143
1675 140
840 2327
1514 2189
1819 593
1753 1674
412 207
2246 513
2462 416
1938 619
649 717
857 1642
1263 2458
1250 2354
1117 1437
2501 1207
740 1057
659 433
547 834
1946 589
2082 404
452 410
2046 1598
1238 791
635 843
1254 1221
2006 243
1986 94
1111 868
216 1266
98 118
1179 2344
833 263
1643 2023
1157 812
559 2027
425 1600
165 1232
136 2138
860 1593
1150 745
1180 1033
341 128
264 939
1681 1652
1155 2465
1968 760
1685 995
1233 1958
468 355
685 1525
824 1508
649 2239
746 596
868 849
1216 898
2145 1725
350 2049
1376 1515
2264 2225
992 1096
292 1563
1609 1583
1962 1674
1945 1910
869 723
2488 2304
939 111
946 851
526 1521
1725 2221
1201 1883
906 2069
1932 2062
66 676
543 1757
625 693
2200 1792
17 1616
1343 2192
2107 1213
1517 338
1176 385
2498 1625
1523 638
477 1637
2258 145
205 640
48 1787
1894 1017
548 1036
1731 1201
1943 142
163 664
1848 922
1530 2422
1372 1652
111 487
1625 737
398 521
2462 460
1910 1904
1154 2093
1901 1
1374 1914
730 352
1136 1833
118 107
1309 1618
814 969
1773 306
1237 2026
763 2456
1141 49
685 1361
2455 1034
756 775
925 406
1639 2001
1490 319
1422 1980
1865 1567
1766 1139
1148 395
791 999
754 1816
525 2164
2307 652
1168 312
2165 2415
521 2489
310 684
113 1893
1864 783
1065 915
1396 1247
1261 1108
1751 1045
1010 352
804 689
1087 1844
856 883
312 2073
1409 457
297 53
1641 2175
324 2213
62 1430
1145 618
1006 2474
2173 933
710 645
322 2024
810 787
1994 1340
387 20
366 1781
1213 1291
665 2356
1176 1708
1413 2023
959 1344
2224 1802
933 1581
1210 1513
1515 1979
2078 915
903 716
971 1556
960 1204
1507 2376
1246 129
31 37
1522 1906
2300 382
580 1447
103 715
732 1002
677 6
2185 2012
1267 384
1628 1198
418 310
777 134
1744 27
2462 2049
482 321
192 1527
1922 360
1786 2426
949 249
1345 1229
36 1086
2197 150
1581 492
1922 2057
1831 489
1309 1316
1734 1986
1178 826
2073 1115
1625 1009
227 2406
1528 1227
949 1125
55 199
2140 1160
1475 400
2022 1406
1493 1770
2287 908
746 882
1192 1180
691 138
2036 13
686 459
2103 375
664 1752
2042 81
802 2131
559 483
1793 1267
2243 2366
1933 873
1901 2453
757 901
710 2119
2172 356
954 635
199 329
2303 1957
1159 2158
1768 2387
2173 1086
1477 871
552 1784
269 1235
1379 1088
776 2461
757 1976
1074 1643
1231 2092
2098 216
2017 274
4 1460
519 424
1957 290
215 1427
189 306
958 2107
1646 520
72 1201
761 932
918 1305
1083 999
857 1299
2003 2280
2007 916
1850 130
1554 1076
1572 761
402 748
370 1138
930 1212
2292 1763
307 1797
2311 2016
458 780
976 1818
152 1097
61 266
649 1522
1457 2020
1815 20
1680 1352
1220 2253
254 2156
441 944
1611 432
618 2358
2163 1234
2156 2404
1276 130
537 2092
1426 2366
402 1177
689 1750
1469 1625
1486 1826
2205 2268
244 1643
202 1154
1297 896
2125 106
1927 1789
495 2027
210 65
1253 763
324 1407
1783 2092
366 1858
1059 2131
708 418
1594 2436
278 1080
1418 2078
2063 24
2210 75
533 2299
4 2063
867 643
907 2152
488 2475
2411 2242
1594 560
766 225
690 1704
853 1205
1314 2223
109 2036
871 798
2489 2392
1279 1053
2447 2267
1252 741
2244 36
777 1371
116 2044
733 2266
189 221
1314 1843
1586 2269
765 48
2473 1487
1874 1538
957 1335
2205 2278
2326 383
1564 2047
2358 113
1582 93
1066 1672
2432 1444
2490 2268
606 1656
626 2004
1588 874
914 1055
1393 1762
1219 2238
766 1321
1630 1064
1987 631
85 1785
1497 844
1933 1688
2373 1328
2284 2178
2004 2129
1840 1178
1800 483
79 1635
1679 329
1503 1976
2493 1962
1 1242
1996 418
894 2154
1946 1360
28 690
1895 2255
1902 192
1527 928
892 2432
313 1374
979 1541
1366 1127
1640 1945
235 1192
1438 2361
1884 104
363 264
39 2382
290 1709
10 1022
898 421
2242 221
1570 797
429 1442
2399 604
1205 1889
149 2323
866 652
2158 2239
1648 550
1176 550
656 144
25 1191
1955 45
973 1637
2238 104
1553 2461
865 940
1678 1446
1739 1471
1720 1270
1324 695
46 607
1230 342
792 1444
2142 1306
1193 1738
2319 393
1762 1480
1080 1711
1787 2471
1936 340
15 1692
2273 855
1641 2085
1501 51
598 567
433 2335
1820 1109
201 2029
622 1572
285 632
23 2151
1225 997
2035 2470
1799 92
1104 2478
1174 1617
2355 412
982 592
1813 1856
2125 2183
2499 559
1755 1874
654 843
1500 857
1034 2183
612 470
305 1581
2008 1233
1267 2322
1124 2419
1827 1470
832 645
1057 1003
1515 1154
2052 2133
1113 695
791 326
916 2417
2279 607
2307 452
1914 1558
1966 2216
1419 2027
1637 37
1464 1674
85 1275
1325 700
839 847
506 1708
631 1974
261 1913
976 2090
1503 31
2195 979
847 1902
891 995
130 2340
1205 2083
1813 114
1708 757
157 2262
1325 508
863 1734
2207 1309
190 2151
1489 879
310 2033
2099 22
1007 775
571 435
297 701
2124 172
1084 898
1501 458
1168 660
287 2401
836 2149
865 1492
1993 500
816 746
430 381
1355 244
1430 823
112 572
1589 182
1394 2228
2375 2139
1116 872
1445 51
1607 1541
1357 1595
1017 1551
2359 988
368 2183
1398 1494
394 2229
620 317
979 496
1298 927
1471 271
1992 2259
1924 347
910 960
1856 1670
1808 205
846 1082
1298 2089
1604 2065
434 1044
1586 686
1182 1179
929 490
191 915
167 547
1939 1614
457 714
2046 2252
2287 1482
1716 729
864 111
848 1125
1321 2248
207 479
1766 428
412 1480
332 2370
989 1650
452 2252
487 2074
2489 2188
356 1950
93 633
2370 637
1848 2028
673 152
2211 2264
836 405
923 1859
829 31
2358 962
83 1294
456 1084
729 1216
1158 1874
985 43
1574 1741
2090 1914
869 2037
1964 2354
137 2240
507 2208
1661 2316
723 1257
401 2263
385 444
1802 2262
505 971
794 61
598 206
1564 2404
285 1211
931 1342
1122 1706
2373 1271
2166 77
2168 2011
2117 81
696 1903
1554 1276
557 624
68 2479
1569 1096
745 268
1178 977
2102 1536
1472 525
1531 158
2292 1083
1899 1067
437 222
1019 823
1393 390
2169 2052
363 1966
1844 1585
943 1298
985 2178
476 1680
1980 2369
1989 740
353 2125
422 2008
1076 341
294 1078
543 267
622 161
1568 354
753 1199
2009 1714
1939 2260
1154 624
55 1887
1017 589
1472 1552
813 852
2093 1244
1025 1596
1730 121
1456 1135
189 125
1887 1385
753 1782
1801 2152
1648 719
1679 353
1371 542
1911 14
499 2339
1018 2264
590 1522
2141 295
2494 1030
557 1846
72 2118
588 332
2089 831
1995 1317
246 2355
875 1840
1811 1636
1934 2197
1151 316
2265 501
350 979
425 1575
2148 1089
751 926
1982 13
862 1939
1020 823
1974 2372
167 778
1514 91
2167 1203
1686 1813
1275 1440
753 1278
134 1496
243 91
1948 866
325 1707
1245 1663
1177 2157
2389 1342
1360 2163
434 903
497 25
1890 389
1625 1311
127 1006
860 1200
1613 1105
638 703
2432 1028
322 1883
409 364
1711 949
519 1031
1038 1123
2259 352
1799 2183
1016 1903
575 2066
730 128
2356 385
2108 571
2213 1645
77 2094
1044 2225
935 1779
1971 1204
1572 2044
1508 1333
1720 1706
237 426
1710 1671
2270 491
717 1872
707 705
628 946
2123 469
2145 1833
1873 1551
881 2367
1406 963
828 1221
2312 2403
2339 225
2137 1107
553 1964
1984 608
2348 3
894 1099
1184 1226
281 1452
1836 1736
1105 361
2120 599
2298 1237
2408 1574
2144 750
211 191
1169 1185
811 799
1592 197
1383 658
2267 46
295 1738
456 1851
1159 812
1866 385
1255 983
963 222
2032 1902
1099 563
2328 1396
2157 2111
797 1790
1324 1424
1259 476
974 2501
1279 779
318 1932
2500 1034
1713 2355
2488 1236
1835 535
710 1736
339 661
1436 1144
550 2458
1514 854
643 1540
627 1260
135 2279
882 457
1555 1327
654 1880
1055 2465
190 2335
1280 227
1293 2069
1427 2261
1548 567
1940 251
192 472
2381 818
248 1310
451 691
1995 1409
729 872
946 1604
1901 643
857 1427
363 1092
563 1914
1716 2193
1911 156
570 2305
1441 364
1731 23
1091 52
1387 2140
1096 540
2128 1474
2422 281
2446 1347
1858 805
674 850
2322 2308
1719 1640
1876 1625
1001 635
1674 1025
2363 2266
2415 1810
579 1886
1202 1211
1976 1565
1933 1572
2392 1789
2416 347
1929 645
1837 1761
1223 288
1449 1537
1541 2051
926 1994
351 248
485 1734
984 1204
704 1654
408 2053
1589 864
2135 2476
2001 1481
1787 595
875 1410
950 606
1237 2290
2138 1068
1220 1012
863 2139
2427 464
1273 1279
1010 1454
1210 1628
246 1380
2032 492
643 286
2428 1462
2196 2470
1491 1521
100 1546
2381 1037
815 501
471 2466
1744 209
2489 86
1145 414
1127 204
507 1814
568 1855
2299 1370
2047 828
2420 1166
2427 1100
107 2362
2412 1124
505 1903
108 2379
2122 2150
2457 181
1885 1094
2407 1040
2255 1583
1180 1779
1679 2060
1525 168
889 2236
1827 1749
1507 819
1894 2387
669 138
1859 1633
324 1465
721 678
23 2257
1143 1626
300 1206
999 1767
2318 2490
49 1661
2350 337
900 798
891 1104
1918 137
1816 1491
2194 1258
266 1641
2232 70
1539 1700
1733 2496
1832 1575
1165 1740
1394 1309
313 411
6 425
635 891
900 1578
873 128
378 401
1755 136
862 2342
1237 1837
2218 1221
1975 972
2475 1099
1363 2054
1762 751
2401 2052
1301 1952
863 453
2075 680
1769 279
291 253
1379 2128
1814 592
1246 763
1329 1401
1148 2451
671 1761
2156 1279
2412 1107
1500 1133
1824 483
2143 1503
1023 403
1758 1749
599 352
349 337
788 230
595 292
65 1852
2283 304
1598 2319
1339 1835
1123 468
532 1868
685 1462
261 1329
99 1222
2134 563
1129 1458
1074 1019
329 603
821 1526
1878 2445
754 1189
1792 1338
202 2178
2125 1988
2259 662
374 1639
1628 1029
1924 326
326 1364
876 1210
2342 44
2458 486
1266 2036
1516 2053
442 1752
2386 1777
2026 1736
1965 2498
1484 309
1291 846
1770 660
1096 1805
15 25
1144 432
1743 489
1069 1733
354 2408
173 1178
2217 738
1376 801
2055 121
632 1190
658 839
2259 599
1919 2175
1113 2212
2021 791
1811 1443
1336 616
691 1980
1628 761
28 1423
2476 1580
1228 372
1946 792
1679 1005
219 98
161 389
45 1446
2491 1328
359 1453
1840 685
572 599
2401 2212
1435 1224
1738 349
1073 771
1377 818
2202 590
1843 1725
511 661
313 1343
1210 2346
1021 234
1826 93
2113 1797
1847 2168
70 1234
111 2115
137 2441
1884 2260
1565 1809
2005 130
1319 1912
744 1878
2055 1222
1364 2108
1922 1321
1394 1904
1615 999
563 1020
131 807
2064 1240
1962 1381
1014 2321
2234 1830
326 933
252 618
856 1424
2234 2092
2279 1
2007 2303
2489 776
2204 1653
833 1708
645 1928
403 1823
453 2072
944 1431
755 2272
1062 969
2006 1674
983 2353
524 2027
487 1367
2370 388
2375 1760
2470 2397
1353 403
2389 1339
2444 539
2288 615
1815 1853
1614 341
1730 1269
1219 2484
1496 1272
2420 183
2396 2006
1374 1971
2082 1001
1804 1593
1910 1885
1294 235
1182 1516
857 76
1963 315
2117 813
614 2134
1775 2120
603 648
1110 2070
2070 1858
1888 1547
1285 2366
707 1595
2282 1275
2130 1424
342 2236
704 423
1138 1634
1999 2371
564 475
1175 447
456 1245
1806 144
2225 386
2439 1325
1373 2194
136 2373
1136 1814
1801 1969
157 1659
1492 1885
1242 1421
178 1015
1045 1925
2352 296
1679 447
655 745
1259 2379
436 329
99 765
149 2288
1738 1674
639 2407
2302 760
2251 85
1504 953
1359 1144
1617 2285
476 283
1044 2252
1261 487
2184 2108
644 1399
2185 1555
414 2273
2198 788
1390 2478
715 1126
749 1577
1587 1623
1785 1573
1912 760
1445 1991
1194 1861
229 942
2196 2243
665 1521
696 209
628 1083
1775 2180
400 1675
658 1829
986 2176
1931 424
964 1365
1452 1435
700 179
659 1466
624 1413
300 70
1901 531
2177 2210
1019 623
1790 971
614 1279
302 1608
1350 219
331 2332
1868 49
1435 1497
1647 1132
568 2413
1786 1960
520 509
990 672
47 2116
559 2372
679 1549
948 1467
2137 1196
2125 823
993 1501
214 406
103 24
289 401
2500 2231
2308 1556
1233 1
2240 2255
1840 48
2129 1515
1592 1170
511 1422
2499 2374
2367 894
2025 190
1865 1195
2181 835
1260 2372
125 2134
2078 2192
525 499
235 1108
1141 1604
1391 1229
2311 868
1677 2428
1638 1855
164 248
111 2154
1424 426
1917 1129
1422 2076
2042 1505
299 2164
396 194
331 1810
1191 2015
1160 1543
1045 607
702 1040
2211 900
2276 1721
1991 2004
707 1375
456 1209
629 1185
700 2146
1632 1736
317 1296
2128 132
2299 1865
899 1891
876 1141
2313 1685
967 40
862 2141
2200 1446
1484 728
458 1274
2295 316
909 502
2275 247
1287 207
1222 44
2066 241
1106 708
636 2481
2079 35
2498 2343
2187 106
1396 1753
1899 2067
2020 2107
655 320
872 444
22 2136
1177 311
1944 1478
97 1858
1597 588
2209 1807
446 64
279 594
1093 1378
2062 1083
2297 1282
817 242
2408 224
305 426
1219 887
2378 2255
154 214
939 1177
694 262
388 600
199 1258
227 473
273 926
556 1371
511 25
2237 2314
210 639
122 112
2157 813
3 1333
1100 1602
1253 198
1408 322
250 218
1485 1740
1452 1879
1918 1066
2320 744
1330 411
1088 1743
1855 1764
1492 1706
963 731
2322 69
1641 671
534 1057
2136 212
644 606
2120 2078
770 1054
513 2457
2063 685
473 1148
174 805
356 676
1499 2431
335 297
711 382
1219 1268
1573 1033
955 1326
1019 767
2021 1221
1573 759
2340 1515
2297 349
1943 1461
1152 724
1602 862
1471 1319
252 891
391 398
1815 449
673 481
1043 235
2177 2401
129 1387
2416 608
1263 57
1027 521
910 1054
2303 952
193 1627
2046 471
1707 353
1033 2268
165 1929
991 1031
2079 217
801 1000
2090 996
751 1802
471 897
1647 2282
374 333
1170 2032
1497 1966
2281 1721
156 1142
2406 1204
115 824
2023 262
2124 2083
1994 862
2370 1613
565 672
1376 2065
303 1972
294 1553
1274 602
990 430
27 2056
65 1194
1259 2381
1464 1118
868 1348
200 1190
2074 2308
1839 688
1040 2277
1340 369
1196 1954
1631 27
2181 363
1890 820
167 1683
374 1340
1417 2460
1222 398
704 754
2440 2480
245 1722
481 1087
1227 393
2070 2391
728 2170
1540 1699
2030 517
938 1221
1365 1111
1352 2004
2240 611
4 1791
2369 1193
859 2291
1928 804
187 759
1230 1100
1199 660
171 484
1797 2426
2468 1737
858 1837
29 2201
1320 811
87 602
532 1472
1361 1546
1457 1247
534 1413
924 2341
825 2080
1151 487
2149 1955
629 917
587 596
654 1350
1540 1572
326 2252
205 1117
17 150
2217 2201
2502 1613
694 1129
1880 56
675 264
2364 1770
1419 622
1717 647
2412 1685
1487 622
2066 908
151 1897
1167 314
118 1168
75 918
1169 951
433 2410
1847 1486
1522 1436
1485 1766
1769 1589
2249 1687
1824 184
848 1693
1534 500
278 1208
2456 301
837 1911
745 1406
1492 1478
2154 1567
35 644
1652 1165
2182 1531
1708 1736
124 880
1460 121
1597 1112
314 2169
2332 884
2095 672
39 1204
2150 2150
893 1232
1195 499
280 675
1698 12
1600 1186
1203 1424
1160 127
1481 2002
1207 78
726 456
2395 1232
1273 250
2410 1867
1484 298
2473 1962
1297 2021
1281 2000
2096 1579
861 523
2320 210
1254 1055
979 1685
2133 1963
1566 2349
1733 1151
126 1579
1886 2212
134 378
781 1733
616 519
215 1555
1111 2073
1993 1893
98 1206
2175 2005
2477 1542
421 150
1647 963
190 1070
1843 1119
2073 1453
313 211
2352 1235
2085 1005
95 2470
853 535
1903 1626
351 856
1380 781
1159 1398
1054 28
821 358
351 583
1118 943
2020 1802
1519 942
108 2319
1846 1649
983 266
1998 1035
901 1586
970 1400
1195 1527
2416 1026
266 2010
951 342
1881 378
1036 1759
481 763
1568 2029
538 1213
522 2006
51 1053
14 915
1030 1912
1957 1953
1383 2412
203 93
2162 617
1050 1653
925 289
83 362
1192 2352
1095 2092
2311 1350
157 1662
1996 1680
2140 110
576 992
315 1263
525 148
526 1329
420 1895
1524 980
1740 2357
844 733
1920 1814
1847 609
529 952
1249 806
1179 332
522 1146
543 2159
797 2061
517 664
1109 413
361 2240
2031 2246
673 526
1410 1938
2467 529
168 349
1604 1445
1871 247
888 359
2182 1881
365 2206
1141 2045
1234 357
1753 33
1797 2223
1573 1529
2108 1938
894 1228
2297 2363
1991 2273
2128 1800
2245 524
204 582
2238 2369
534 2172
581 1882
987 209
1291 18
1535 2428
770 925
55 586
2308 1791
1918 2032
1884 1126
1183 2242
2479 2310
1603 760
180 616
2005 1
1431 1679
1759 1332
981 1220
1009 2288
1818 2354
571 563
1549 2465
427 580
1991 2450
308 964
2016 268
87 2098
817 1356
1870 539
2119 980
697 44
1555 273
1929 854
2362 1875
2097 1263
1142 2283
1092 1309
768 1746
295 478
334 884
2408 864
1421 271
1115 2179
416 1870
2393 191
689 1253
1877 1821
528 1913
1911 659
2131 800
1139 2395
420 212
634 622
391 2230
2398 1985
1137 1763
286 2478
634 1502
1367 1700
2463 1157
1538 2030
88 98
1941 1046
2237 74
2037 609
1743 813
190 1049
514 2056
6 1519
2247 1403
1003 922
2335 1964
801 240
1231 546
783 798
1599 778
630 1717
1395 630
1058 897
175
2265 1479
320 912
1291 406
22 1817
2450 737
1372 1661
636 2476
1911 2351
2101 2395
2041 293
2346 1443
1112 266
1540 2192
951 788
1315 2070
1587 829
961 1663
1012 945
61 2455
729 2270
1931 905
1065 2115
1483 1888
634 475
1205 2304
2257 1931
1547 681
1221 780
1374 1094
115 2280
25 2428
1521 1044
1529 2121
1452 74
971 996
2249 2255
187 1372
1906 2105
1477 1281
431 2465
1764 2085
924 1309
1039 2033
2313 67
1171 890
1157 464
637 2309
2465 315
47 375
1566 88
354 2405
15 1859
103 210
803 2101
148 766
2120 1681
2347 1547
1607 1707
317 2119
1160 433
990 2357
1134 908
1491 2330
1575 803
1953 1349
290 2226
1548 263
2120 2076
1810 10
1358 98
45 2167
624 2501
587 528
2427 951
1062 106
1087 2136
2294 443
1421 456
1704 1230
2032 751
1691 1490
1757 2420
576 2334
1653 27
2054 1652
1584 922
2369 1265
17 1603
2413 2128
558 705
799 719
828 175
1531 535
1280 1394
1441 1828
100 1011
2424 487
1996 900
122 1203
372 1327
819 739
1868 2229
43 95
1737 816
1241 558
1154 16
2273 1533
229 1500
717 1492
193 1238
1063 1459
695 1082
729 2050
1149 819
763 123
694 222
1866 190
1597 165
1612 1703
1293 1673
2307 726
782 2312
654 41
406 1029
1726 1697
2419 179
1688 1785
1848 1363
904 77
820 2255
1322 1291
1898 372
122 2017
2300 2010
1385 1371
2498 791
409 802
1373 2224
1998 450
1525 1353
1978 1284
532 1225
1515 30
2047 875
850 1545
2146 789
2463 1158
2297 318
1030 1870
1437 2305
95 1163
1076 940
13 1814
2391 1651
660 1137
525 2058
902 2333
1766 2055
2018 933
1274 2466
319 1409
498 1957
2455 1964
1307 844
1023 172
949 2354
1447 1689
1307 2203
1384 479
1419 1414
2031 168
272 2401
2221 125
285 1046
172 1884
