50 50
22 84148
8 23918
41 23432
42 45419
6 93567
33 61111
17 82451
24 59573
41 9468
6 29975
16 47325
39 63371
24 33772
41 28634
16 64437
5 94930
27 47035
18 99251
48 643
34 10130
33 13682
41 27497
6 31489
12 71737
32 74808
42 58802
31 4846
47 89868
4 19082
25 60786
39 53872
21 48297
49 19608
40 53575
49 30798
1 98287
29 82127
8 40295
40 5894
38 30997
4 44429
13 37271
20 66358
42 6072
23 34846
41 51885
41 16365
9 74542
7 17460
49 75882
3 4 4 6 7 8 9 10 10 11 11 13 13 13 14 15 15 16 17 18 19 21 21 24 24 24 24 24 25 25 27 30 33 36 39 41 42 42 42 43 43 45 45 45 46 47 47 47 47 48
