6
3 7
99183977 99948473 98969153 
65463163 94276669 25899343 833597 8452001 36261611 125927 
8 7
99384619 99671651 99813113 99454723 99729527 99522221 99947303 98636807 
40210943 32643223 41191789 17775119 45494831 3624983 15960491 
5 4
99768749 99043673 99082741 99729037 99880699 
99768749 99880699 99082741 99043673 
8 4
99677087 99534671 99760813 99187763 99807559 97351169 99713741 99389903 
12150431 21505349 59044439 20897213 
4 2
99122549 99718057 99109069 99896773 
41671633 13675507 
6 5
99099167 99642583 98952401 98726809 99936497 99767167 
99099167 99767167 99936497 98726809 98952401 
