20
4 5
47 7 23 41 
13 29 37 19 47 
7 5
7 2 43 37 23 47 59 
13 47 47 23 2 
10 3
29 5 2 37 59 17 19 53 3 11 
7 37 43 
6 9
53 23 3 7 41 43 
23 47 37 17 37 37 23 37 29 
5 3
31 11 19 37 53 
37 19 17 
6 3
2 23 53 37 41 31 
23 17 37 
1 1
13 
13 
10 10
53 2 41 13 3 43 19 29 17 23 
41 47 43 29 31 7 23 41 5 37 
5 6
13 31 59 2 43 
11 43 2 2 2 59 
8 2
53 37 29 2 31 3 41 23 
53 53 
9 6
19 11 2 7 17 5 41 23 31 
37 19 11 43 59 29 
4 3
5 41 53 19 
5 43 31 
4 6
31 13 23 17 
17 19 31 13 23 3 
5 10
29 37 17 23 2 
13 47 13 47 37 43 47 43 41 41 
1 1
59 
53 
3 7
59 29 37 
2 2 2 2 29 2 3 
3 3
19 17 7 
17 13 2 
5 5
53 31 29 23 2 
31 29 2 53 23 
6 4
53 17 29 59 13 3 
23 43 47 13 
4 3
29 3 19 11 
11 19 29 
