3
80 2
1 5
-8 -6
-3 -5
7 2
10 3
-9 6
-9 -7
-4 -9
10 -7
10 -2
0 -5
-5 -3
-8 1
4 6
-6 -6
-7 -4
5 2
-8 -5
-3 -2
-1 9
-2 -4
-3 6
-9 -2
3 8
4 -5
-5 -1
7 7
7 3
-7 10
-2 5
-6 -6
7 5
3 -4
-5 -5
0 -1
1 0
0 8
-4 -3
3 7
-9 7
1 -3
8 -6
6 10
9 -8
-7 -4
-5 5
6 -9
10 2
-7 6
-5 -7
3 -5
0 -5
-6 -9
-9 -6
0 -1
3 8
9 7
-9 8
4 5
-6 -4
4 -5
7 -5
10 -7
7 5
-2 -4
9 0
8 9
6 -2
-8 3
9 3
9 2
-2 -2
10 6
6 -9
1 8
-4 -5
-7 7
-2 -5
0 5
4 6
60 2
-323 -966
482 1449
-444 -1329
30 -115
-411 -1230
-283 -846
406 1221
107 324
422 1269
288 867
393 1182
72 219
-322 -963
-18 -51
-171 -510
-310 -927
-51 -150
-227 -678
-159 -474
-353 -1056
-475 1905
-95 -282
-221 -660
5 -15
-81 -240
-3 -6
-261 -780
-152 613
-265 1065
-211 849
16 51
-442 -1323
333 1002
-9 -24
-104 -309
-97 -288
459 1380
204 615
277 834
-232 933
42 -163
-176 -525
367 1104
-416 -1245
360 -1435
418 1257
252 -1003
205 -815
270 813
374 1125
-228 -681
-64 261
-102 413
363 1092
301 -1199
-153 -456
321 966
373 -1487
-429 -1284
68 207
60 1
286 288
357 359
-4 -2
-224 -222
-188 -186
-294 -292
-315 -313
483 485
-192 -190
-86 -84
-48 -46
-449 -447
91 93
-391 -389
113 115
258 260
71 73
-353 -351
-420 -418
-371 -369
-247 -245
272 274
-470 -468
-278 -276
-170 -168
-349 -347
-416 -414
-186 -184
-194 -192
-319 -317
122 124
498 500
-267 -265
203 205
190 192
-40 -38
-195 -193
387 389
45 47
-134 -132
-499 -497
197 199
-462 -460
-373 -371
118 120
372 374
-37 -35
-372 -370
-163 -161
-190 -188
-47 -45
421 423
-437 -435
456 458
-167 -165
451 453
-440 -438
270 272
-23 -21
-265 -263
