19
2978 3009 2973
1 2
1 3
1 4
1 5
3 6
1 7
2 8
3 9
7 10
7 11
10 12
3 13
1 14
12 15
3 16
11 17
2 18
13 19
16 20
5 21
18 22
9 23
8 24
16 25
16 26
19 27
19 28
14 29
6 30
3 31
30 32
31 33
16 34
14 35
7 36
8 37
17 38
21 39
5 40
15 41
30 42
27 43
14 44
34 45
4 46
36 47
43 48
30 49
49 50
28 51
8 52
17 53
4 54
43 55
20 56
20 57
29 58
17 59
21 60
23 61
40 62
38 63
58 64
40 65
58 66
65 67
17 68
37 69
49 70
1 71
24 72
12 73
15 74
13 75
55 76
69 77
7 78
37 79
16 80
31 81
56 82
12 83
72 84
11 85
16 86
75 87
72 88
78 89
60 90
31 91
68 92
64 93
91 94
66 95
34 96
42 97
49 98
88 99
8 100
97 101
27 102
2 103
61 104
6 105
52 106
88 107
100 108
85 109
14 110
15 111
78 112
24 113
76 114
15 115
14 116
41 117
51 118
66 119
45 120
80 121
61 122
88 123
15 124
89 125
94 126
27 127
4 128
123 129
79 130
14 131
102 132
104 133
60 134
17 135
70 136
102 137
9 138
97 139
90 140
88 141
116 142
122 143
7 144
112 145
130 146
55 147
37 148
30 149
71 150
79 151
9 152
144 153
90 154
142 155
51 156
59 157
28 158
26 159
61 160
26 161
60 162
112 163
96 164
46 165
57 166
90 167
117 168
134 169
162 170
109 171
68 172
22 173
2 174
67 175
46 176
120 177
119 178
161 179
34 180
148 181
163 182
47 183
25 184
142 185
97 186
10 187
149 188
17 189
155 190
128 191
21 192
169 193
52 194
81 195
87 196
22 197
69 198
15 199
112 200
11 201
59 202
45 203
172 204
118 205
64 206
26 207
115 208
66 209
166 210
75 211
51 212
5 213
65 214
140 215
115 216
40 217
200 218
191 219
73 220
69 221
61 222
64 223
69 224
102 225
115 226
93 227
223 228
166 229
219 230
218 231
129 232
131 233
192 234
16 235
50 236
13 237
19 238
149 239
224 240
16 241
213 242
131 243
172 244
172 245
64 246
140 247
15 248
78 249
88 250
39 251
120 252
214 253
102 254
48 255
53 256
131 257
20 258
66 259
175 260
217 261
172 262
111 263
140 264
181 265
157 266
235 267
104 268
36 269
65 270
229 271
226 272
119 273
50 274
69 275
124 276
59 277
259 278
49 279
134 280
113 281
49 282
282 283
90 284
243 285
183 286
196 287
189 288
216 289
33 290
42 291
262 292
181 293
10 294
83 295
95 296
16 297
154 298
131 299
61 300
18 301
294 302
212 303
110 304
109 305
208 306
68 307
222 308
48 309
53 310
242 311
183 312
108 313
33 314
237 315
165 316
47 317
41 318
126 319
299 320
305 321
289 322
173 323
121 324
109 325
236 326
15 327
93 328
27 329
288 330
215 331
158 332
17 333
305 334
224 335
199 336
62 337
276 338
134 339
77 340
202 341
313 342
32 343
62 344
180 345
119 346
126 347
59 348
289 349
218 350
348 351
103 352
303 353
146 354
50 355
82 356
164 357
265 358
115 359
160 360
226 361
248 362
84 363
156 364
87 365
341 366
218 367
316 368
210 369
173 370
213 371
237 372
29 373
48 374
303 375
265 376
249 377
158 378
363 379
294 380
83 381
291 382
18 383
132 384
13 385
254 386
91 387
320 388
88 389
311 390
251 391
11 392
236 393
362 394
251 395
90 396
283 397
206 398
346 399
228 400
233 401
234 402
327 403
67 404
260 405
112 406
277 407
139 408
21 409
135 410
179 411
164 412
116 413
308 414
176 415
389 416
92 417
255 418
333 419
129 420
399 421
205 422
23 423
50 424
57 425
415 426
288 427
411 428
244 429
304 430
324 431
264 432
140 433
17 434
254 435
46 436
18 437
132 438
433 439
291 440
192 441
92 442
166 443
2 444
287 445
342 446
175 447
150 448
296 449
442 450
217 451
198 452
46 453
52 454
57 455
277 456
177 457
145 458
57 459
171 460
30 461
274 462
38 463
205 464
28 465
237 466
422 467
243 468
62 469
393 470
238 471
66 472
436 473
405 474
460 475
324 476
5 477
105 478
116 479
353 480
306 481
159 482
407 483
361 484
76 485
225 486
33 487
38 488
171 489
167 490
434 491
322 492
344 493
139 494
117 495
404 496
389 497
172 498
331 499
56 500
272 501
395 502
228 503
218 504
269 505
365 506
295 507
99 508
29 509
89 510
188 511
108 512
131 513
380 514
80 515
467 516
145 517
503 518
378 519
312 520
470 521
146 522
47 523
264 524
8 525
303 526
136 527
112 528
124 529
6 530
438 531
409 532
442 533
431 534
201 535
229 536
300 537
195 538
174 539
360 540
181 541
475 542
364 543
191 544
474 545
63 546
406 547
171 548
446 549
295 550
498 551
52 552
309 553
142 554
23 555
405 556
245 557
344 558
165 559
79 560
248 561
122 562
248 563
299 564
188 565
392 566
100 567
550 568
242 569
419 570
136 571
510 572
279 573
303 574
221 575
237 576
134 577
355 578
109 579
287 580
430 581
248 582
20 583
560 584
178 585
144 586
242 587
325 588
481 589
288 590
225 591
331 592
282 593
162 594
371 595
427 596
437 597
437 598
562 599
322 600
27 601
443 602
83 603
217 604
479 605
594 606
45 607
173 608
450 609
528 610
56 611
18 612
554 613
158 614
362 615
124 616
199 617
422 618
198 619
470 620
331 621
452 622
343 623
45 624
139 625
562 626
204 627
108 628
14 629
311 630
450 631
96 632
565 633
222 634
368 635
156 636
502 637
559 638
404 639
565 640
200 641
225 642
141 643
380 644
489 645
380 646
572 647
250 648
319 649
342 650
34 651
90 652
330 653
112 654
590 655
305 656
577 657
468 658
452 659
378 660
211 661
348 662
309 663
362 664
40 665
566 666
327 667
156 668
138 669
394 670
229 671
406 672
221 673
388 674
641 675
453 676
320 677
559 678
595 679
480 680
176 681
286 682
127 683
523 684
562 685
661 686
118 687
32 688
617 689
136 690
663 691
178 692
139 693
504 694
455 695
168 696
349 697
201 698
580 699
308 700
421 701
91 702
162 703
156 704
595 705
117 706
577 707
368 708
579 709
140 710
160 711
606 712
22 713
164 714
577 715
687 716
607 717
312 718
184 719
199 720
487 721
434 722
461 723
449 724
435 725
257 726
501 727
475 728
360 729
624 730
729 731
203 732
485 733
519 734
678 735
312 736
148 737
589 738
550 739
275 740
551 741
691 742
25 743
598 744
543 745
177 746
532 747
392 748
31 749
465 750
162 751
154 752
374 753
392 754
64 755
642 756
19 757
136 758
606 759
622 760
627 761
348 762
596 763
347 764
379 765
81 766
731 767
413 768
268 769
409 770
294 771
118 772
152 773
427 774
110 775
106 776
328 777
590 778
461 779
713 780
190 781
576 782
286 783
722 784
600 785
776 786
467 787
197 788
182 789
759 790
523 791
659 792
531 793
363 794
487 795
92 796
67 797
376 798
351 799
98 800
232 801
705 802
750 803
439 804
721 805
284 806
137 807
245 808
656 809
519 810
376 811
315 812
254 813
328 814
90 815
530 816
755 817
807 818
636 819
632 820
87 821
134 822
271 823
37 824
591 825
637 826
776 827
168 828
344 829
803 830
33 831
587 832
765 833
257 834
407 835
605 836
196 837
425 838
305 839
188 840
570 841
730 842
340 843
326 844
609 845
777 846
309 847
337 848
305 849
347 850
466 851
755 852
71 853
321 854
213 855
592 856
500 857
506 858
424 859
433 860
778 861
344 862
84 863
97 864
750 865
608 866
184 867
116 868
327 869
203 870
259 871
248 872
733 873
122 874
865 875
397 876
252 877
332 878
771 879
874 880
712 881
489 882
872 883
381 884
324 885
699 886
657 887
369 888
612 889
21 890
461 891
416 892
285 893
482 894
273 895
126 896
160 897
579 898
748 899
173 900
168 901
224 902
535 903
522 904
386 905
814 906
239 907
112 908
270 909
490 910
910 911
5 912
792 913
8 914
862 915
299 916
4 917
330 918
389 919
448 920
425 921
763 922
28 923
179 924
872 925
357 926
302 927
923 928
93 929
381 930
832 931
375 932
743 933
208 934
720 935
475 936
602 937
820 938
144 939
607 940
634 941
164 942
280 943
582 944
509 945
889 946
866 947
179 948
55 949
647 950
652 951
605 952
116 953
369 954
402 955
238 956
956 957
772 958
158 959
845 960
236 961
284 962
827 963
551 964
532 965
565 966
45 967
750 968
741 969
931 970
536 971
603 972
865 973
729 974
193 975
834 976
551 977
267 978
328 979
821 980
528 981
469 982
839 983
666 984
207 985
59 986
624 987
560 988
648 989
862 990
712 991
680 992
295 993
775 994
114 995
4 996
177 997
341 998
803 999
930 1000
697 1001
66 1002
929 1003
671 1004
819 1005
194 1006
270 1007
215 1008
125 1009
570 1010
133 1011
959 1012
853 1013
670 1014
399 1015
834 1016
971 1017
695 1018
101 1019
218 1020
607 1021
487 1022
766 1023
448 1024
726 1025
257 1026
180 1027
407 1028
489 1029
754 1030
538 1031
174 1032
685 1033
695 1034
500 1035
908 1036
96 1037
535 1038
203 1039
738 1040
883 1041
451 1042
82 1043
228 1044
178 1045
803 1046
466 1047
537 1048
62 1049
825 1050
873 1051
978 1052
428 1053
163 1054
40 1055
389 1056
448 1057
908 1058
418 1059
6 1060
94 1061
109 1062
345 1063
932 1064
396 1065
701 1066
665 1067
419 1068
884 1069
439 1070
176 1071
240 1072
266 1073
335 1074
9 1075
837 1076
15 1077
706 1078
626 1079
264 1080
272 1081
684 1082
796 1083
861 1084
791 1085
94 1086
1072 1087
742 1088
274 1089
728 1090
834 1091
222 1092
965 1093
686 1094
893 1095
622 1096
1 1097
541 1098
654 1099
552 1100
442 1101
117 1102
206 1103
316 1104
172 1105
993 1106
912 1107
111 1108
435 1109
536 1110
224 1111
702 1112
581 1113
1032 1114
51 1115
941 1116
554 1117
531 1118
1078 1119
493 1120
128 1121
1061 1122
786 1123
398 1124
216 1125
1104 1126
198 1127
898 1128
1067 1129
171 1130
439 1131
499 1132
475 1133
225 1134
494 1135
682 1136
930 1137
1048 1138
1121 1139
1026 1140
789 1141
36 1142
242 1143
547 1144
1033 1145
228 1146
967 1147
464 1148
371 1149
65 1150
929 1151
822 1152
633 1153
113 1154
1116 1155
175 1156
606 1157
349 1158
363 1159
271 1160
356 1161
208 1162
245 1163
659 1164
1014 1165
399 1166
526 1167
707 1168
654 1169
812 1170
430 1171
155 1172
430 1173
607 1174
2 1175
61 1176
672 1177
1076 1178
912 1179
813 1180
11 1181
131 1182
235 1183
1077 1184
1161 1185
1146 1186
813 1187
25 1188
456 1189
76 1190
89 1191
934 1192
813 1193
783 1194
350 1195
733 1196
599 1197
763 1198
1097 1199
309 1200
553 1201
573 1202
144 1203
1148 1204
323 1205
466 1206
574 1207
875 1208
743 1209
230 1210
530 1211
358 1212
1177 1213
190 1214
897 1215
368 1216
575 1217
839 1218
711 1219
600 1220
964 1221
975 1222
700 1223
1134 1224
898 1225
717 1226
480 1227
621 1228
179 1229
391 1230
1191 1231
1147 1232
1077 1233
260 1234
412 1235
971 1236
282 1237
818 1238
972 1239
293 1240
631 1241
581 1242
964 1243
411 1244
326 1245
1063 1246
1048 1247
88 1248
753 1249
615 1250
582 1251
850 1252
25 1253
916 1254
582 1255
1131 1256
810 1257
257 1258
622 1259
615 1260
369 1261
795 1262
1002 1263
83 1264
290 1265
1223 1266
826 1267
673 1268
447 1269
135 1270
1027 1271
659 1272
713 1273
567 1274
1112 1275
45 1276
626 1277
55 1278
1020 1279
1194 1280
648 1281
1234 1282
743 1283
1089 1284
449 1285
69 1286
593 1287
509 1288
1059 1289
933 1290
719 1291
375 1292
391 1293
1123 1294
977 1295
13 1296
1246 1297
554 1298
1005 1299
767 1300
966 1301
962 1302
1120 1303
641 1304
1269 1305
378 1306
619 1307
314 1308
1308 1309
81 1310
92 1311
701 1312
530 1313
1115 1314
473 1315
976 1316
678 1317
268 1318
206 1319
869 1320
994 1321
503 1322
1225 1323
851 1324
83 1325
1057 1326
796 1327
207 1328
583 1329
430 1330
536 1331
1154 1332
1052 1333
891 1334
303 1335
731 1336
976 1337
1014 1338
1075 1339
39 1340
1305 1341
82 1342
838 1343
948 1344
687 1345
144 1346
568 1347
281 1348
255 1349
968 1350
424 1351
216 1352
784 1353
332 1354
462 1355
1184 1356
1053 1357
945 1358
1149 1359
487 1360
459 1361
1151 1362
44 1363
1075 1364
972 1365
1038 1366
316 1367
388 1368
1363 1369
984 1370
287 1371
40 1372
863 1373
512 1374
1185 1375
1092 1376
909 1377
519 1378
42 1379
1334 1380
886 1381
932 1382
1165 1383
685 1384
390 1385
1192 1386
286 1387
867 1388
512 1389
271 1390
413 1391
1075 1392
477 1393
1364 1394
575 1395
475 1396
368 1397
550 1398
304 1399
525 1400
1354 1401
661 1402
207 1403
494 1404
852 1405
754 1406
432 1407
116 1408
655 1409
727 1410
444 1411
1025 1412
1347 1413
400 1414
828 1415
485 1416
735 1417
1200 1418
1186 1419
66 1420
76 1421
946 1422
819 1423
88 1424
1185 1425
523 1426
985 1427
200 1428
949 1429
819 1430
615 1431
552 1432
66 1433
759 1434
837 1435
1364 1436
134 1437
677 1438
1016 1439
917 1440
961 1441
1386 1442
1193 1443
1306 1444
140 1445
874 1446
66 1447
275 1448
845 1449
163 1450
68 1451
1408 1452
103 1453
904 1454
243 1455
355 1456
17 1457
1171 1458
239 1459
421 1460
1449 1461
441 1462
592 1463
264 1464
410 1465
913 1466
1108 1467
1141 1468
853 1469
689 1470
312 1471
1008 1472
693 1473
1385 1474
1455 1475
179 1476
226 1477
1002 1478
1141 1479
470 1480
1379 1481
1330 1482
1257 1483
769 1484
1021 1485
979 1486
492 1487
1270 1488
236 1489
1075 1490
909 1491
998 1492
567 1493
768 1494
692 1495
753 1496
415 1497
728 1498
163 1499
1259 1500
1275 1501
1298 1502
577 1503
112 1504
733 1505
1350 1506
37 1507
819 1508
906 1509
663 1510
206 1511
179 1512
1454 1513
678 1514
937 1515
1301 1516
620 1517
936 1518
201 1519
965 1520
103 1521
186 1522
299 1523
851 1524
1090 1525
761 1526
989 1527
1264 1528
108 1529
918 1530
897 1531
723 1532
416 1533
355 1534
1019 1535
442 1536
1147 1537
1311 1538
498 1539
477 1540
127 1541
1501 1542
562 1543
1208 1544
175 1545
1516 1546
722 1547
206 1548
1177 1549
1010 1550
237 1551
1211 1552
704 1553
576 1554
1258 1555
943 1556
1544 1557
398 1558
1313 1559
1146 1560
1536 1561
323 1562
137 1563
1422 1564
333 1565
706 1566
167 1567
1375 1568
656 1569
1428 1570
633 1571
561 1572
273 1573
700 1574
1084 1575
782 1576
1103 1577
1224 1578
45 1579
174 1580
269 1581
218 1582
891 1583
1027 1584
1028 1585
1419 1586
781 1587
376 1588
1358 1589
26 1590
1505 1591
1425 1592
892 1593
532 1594
1432 1595
267 1596
595 1597
1275 1598
905 1599
822 1600
858 1601
96 1602
59 1603
750 1604
158 1605
1227 1606
132 1607
603 1608
545 1609
1527 1610
70 1611
26 1612
838 1613
63 1614
821 1615
954 1616
438 1617
188 1618
1269 1619
1027 1620
91 1621
438 1622
1186 1623
1212 1624
270 1625
1200 1626
1304 1627
1373 1628
118 1629
1134 1630
745 1631
683 1632
91 1633
1324 1634
919 1635
643 1636
823 1637
470 1638
885 1639
1323 1640
1040 1641
681 1642
1465 1643
1637 1644
473 1645
1625 1646
1260 1647
58 1648
457 1649
1274 1650
488 1651
279 1652
412 1653
1243 1654
1397 1655
1346 1656
271 1657
1030 1658
19 1659
502 1660
970 1661
1195 1662
1650 1663
1230 1664
1330 1665
53 1666
771 1667
72 1668
597 1669
558 1670
1251 1671
1575 1672
568 1673
927 1674
801 1675
752 1676
1645 1677
863 1678
586 1679
920 1680
97 1681
572 1682
106 1683
1549 1684
624 1685
736 1686
1003 1687
322 1688
1475 1689
742 1690
1476 1691
1452 1692
1178 1693
490 1694
48 1695
926 1696
327 1697
1169 1698
121 1699
268 1700
1585 1701
1615 1702
432 1703
1052 1704
1238 1705
160 1706
360 1707
505 1708
1414 1709
701 1710
528 1711
194 1712
1281 1713
1381 1714
358 1715
553 1716
1453 1717
1200 1718
762 1719
1228 1720
793 1721
1705 1722
36 1723
703 1724
987 1725
1324 1726
448 1727
1306 1728
254 1729
840 1730
626 1731
1701 1732
1438 1733
1435 1734
78 1735
455 1736
1330 1737
434 1738
1088 1739
433 1740
605 1741
903 1742
543 1743
303 1744
908 1745
144 1746
3 1747
539 1748
1349 1749
315 1750
152 1751
864 1752
650 1753
1455 1754
1544 1755
992 1756
1358 1757
1177 1758
441 1759
318 1760
230 1761
601 1762
1422 1763
1084 1764
1565 1765
488 1766
466 1767
1511 1768
282 1769
375 1770
1060 1771
493 1772
830 1773
492 1774
1602 1775
1004 1776
20 1777
3 1778
563 1779
1133 1780
1402 1781
1164 1782
351 1783
1412 1784
1455 1785
1275 1786
719 1787
272 1788
1734 1789
1428 1790
1365 1791
681 1792
94 1793
657 1794
142 1795
1335 1796
54 1797
1083 1798
1164 1799
1660 1800
623 1801
98 1802
559 1803
1113 1804
1113 1805
685 1806
1059 1807
462 1808
1784 1809
357 1810
319 1811
1148 1812
510 1813
770 1814
157 1815
1243 1816
1241 1817
426 1818
113 1819
1415 1820
1457 1821
1699 1822
1754 1823
392 1824
678 1825
877 1826
1429 1827
1115 1828
27 1829
493 1830
1503 1831
1202 1832
294 1833
565 1834
731 1835
1064 1836
708 1837
1446 1838
1300 1839
843 1840
231 1841
17 1842
100 1843
1809 1844
1238 1845
1758 1846
747 1847
1388 1848
1291 1849
1540 1850
1624 1851
1172 1852
1221 1853
1408 1854
1095 1855
178 1856
1204 1857
1714 1858
1107 1859
490 1860
529 1861
1534 1862
39 1863
1122 1864
162 1865
405 1866
374 1867
6 1868
823 1869
886 1870
533 1871
323 1872
1708 1873
1089 1874
965 1875
389 1876
924 1877
1423 1878
619 1879
284 1880
1345 1881
336 1882
1090 1883
1331 1884
302 1885
881 1886
519 1887
216 1888
1288 1889
223 1890
276 1891
1062 1892
1109 1893
1418 1894
1314 1895
1272 1896
1039 1897
28 1898
1292 1899
1163 1900
1441 1901
1530 1902
339 1903
208 1904
727 1905
1453 1906
948 1907
271 1908
1516 1909
1238 1910
931 1911
1447 1912
282 1913
1320 1914
705 1915
1878 1916
559 1917
710 1918
1174 1919
1582 1920
1009 1921
1386 1922
1762 1923
1122 1924
1347 1925
1842 1926
1651 1927
616 1928
590 1929
1443 1930
923 1931
1736 1932
857 1933
1242 1934
402 1935
891 1936
1889 1937
983 1938
1017 1939
1049 1940
1633 1941
1240 1942
836 1943
208 1944
248 1945
699 1946
48 1947
1576 1948
1345 1949
184 1950
1608 1951
342 1952
78 1953
1128 1954
1478 1955
1371 1956
730 1957
1309 1958
1525 1959
639 1960
697 1961
2 1962
440 1963
372 1964
1479 1965
1351 1966
679 1967
372 1968
99 1969
835 1970
68 1971
498 1972
1132 1973
915 1974
1949 1975
1452 1976
1752 1977
355 1978
1387 1979
280 1980
1533 1981
1819 1982
1122 1983
1654 1984
1868 1985
1106 1986
761 1987
475 1988
1449 1989
122 1990
858 1991
420 1992
256 1993
274 1994
1670 1995
1145 1996
1883 1997
1900 1998
1264 1999
502 2000
1296 2001
1228 2002
829 2003
42 2004
265 2005
505 2006
1668 2007
991 2008
1131 2009
184 2010
884 2011
1285 2012
1638 2013
1235 2014
161 2015
352 2016
607 2017
313 2018
466 2019
1975 2020
510 2021
1771 2022
1711 2023
1839 2024
836 2025
1204 2026
656 2027
1056 2028
46 2029
808 2030
960 2031
1364 2032
1078 2033
1492 2034
1335 2035
1828 2036
578 2037
1332 2038
1576 2039
1162 2040
1978 2041
1913 2042
1532 2043
1525 2044
1135 2045
1021 2046
1820 2047
1241 2048
1055 2049
1136 2050
1395 2051
1896 2052
2033 2053
1723 2054
1929 2055
1871 2056
40 2057
886 2058
167 2059
1329 2060
670 2061
1614 2062
1508 2063
164 2064
1281 2065
1351 2066
1039 2067
74 2068
1560 2069
1938 2070
618 2071
1902 2072
1608 2073
843 2074
1108 2075
484 2076
1219 2077
2055 2078
118 2079
471 2080
533 2081
1293 2082
755 2083
1436 2084
158 2085
1665 2086
589 2087
1006 2088
806 2089
1445 2090
1057 2091
1203 2092
531 2093
1019 2094
1130 2095
2005 2096
1931 2097
287 2098
1238 2099
575 2100
40 2101
516 2102
83 2103
984 2104
671 2105
234 2106
762 2107
1613 2108
1001 2109
957 2110
1048 2111
1470 2112
743 2113
38 2114
898 2115
1992 2116
181 2117
1419 2118
1392 2119
1340 2120
622 2121
1618 2122
114 2123
1617 2124
892 2125
696 2126
1356 2127
1354 2128
591 2129
1680 2130
1556 2131
1044 2132
1253 2133
1128 2134
1764 2135
506 2136
1043 2137
1986 2138
1002 2139
1142 2140
832 2141
252 2142
675 2143
1302 2144
2101 2145
1714 2146
1195 2147
732 2148
887 2149
1980 2150
9 2151
696 2152
1214 2153
1582 2154
1950 2155
559 2156
93 2157
1955 2158
2140 2159
413 2160
859 2161
1661 2162
1122 2163
1096 2164
1096 2165
780 2166
1221 2167
49 2168
440 2169
1598 2170
669 2171
1866 2172
1623 2173
364 2174
1954 2175
872 2176
2078 2177
1290 2178
204 2179
81 2180
987 2181
1584 2182
1005 2183
1507 2184
292 2185
883 2186
1948 2187
1250 2188
1310 2189
2101 2190
1937 2191
1405 2192
1073 2193
1104 2194
564 2195
1263 2196
866 2197
945 2198
1885 2199
1224 2200
1486 2201
1894 2202
1848 2203
901 2204
71 2205
150 2206
1665 2207
1394 2208
1823 2209
1394 2210
635 2211
2140 2212
1142 2213
338 2214
1687 2215
1363 2216
1128 2217
361 2218
1038 2219
1165 2220
87 2221
876 2222
125 2223
1357 2224
1238 2225
1366 2226
1546 2227
114 2228
2180 2229
513 2230
566 2231
807 2232
2083 2233
776 2234
2042 2235
762 2236
629 2237
528 2238
946 2239
21 2240
981 2241
1767 2242
1484 2243
476 2244
1376 2245
1346 2246
1922 2247
1052 2248
480 2249
409 2250
1214 2251
1621 2252
2197 2253
1495 2254
106 2255
414 2256
244 2257
1303 2258
454 2259
203 2260
1878 2261
29 2262
851 2263
872 2264
2187 2265
998 2266
79 2267
70 2268
2242 2269
1303 2270
1538 2271
1384 2272
47 2273
279 2274
928 2275
2186 2276
506 2277
1860 2278
618 2279
2174 2280
1327 2281
1864 2282
64 2283
762 2284
1285 2285
114 2286
1727 2287
2115 2288
1524 2289
1074 2290
1811 2291
432 2292
583 2293
2111 2294
303 2295
1770 2296
1717 2297
2269 2298
1210 2299
87 2300
2148 2301
700 2302
1245 2303
254 2304
1237 2305
287 2306
823 2307
641 2308
754 2309
2106 2310
2169 2311
1082 2312
405 2313
438 2314
371 2315
1532 2316
15 2317
1356 2318
1682 2319
616 2320
1922 2321
232 2322
1814 2323
1712 2324
328 2325
1752 2326
81 2327
5 2328
765 2329
1711 2330
1298 2331
1597 2332
819 2333
1472 2334
1116 2335
1795 2336
2284 2337
2155 2338
501 2339
2336 2340
1199 2341
74 2342
856 2343
2229 2344
593 2345
1828 2346
942 2347
2018 2348
1773 2349
793 2350
2247 2351
321 2352
912 2353
217 2354
2073 2355
723 2356
286 2357
1369 2358
1050 2359
398 2360
59 2361
488 2362
1371 2363
1918 2364
1009 2365
894 2366
1899 2367
1990 2368
909 2369
665 2370
1671 2371
2133 2372
397 2373
182 2374
856 2375
747 2376
2274 2377
2114 2378
1757 2379
2129 2380
1510 2381
1665 2382
932 2383
784 2384
910 2385
151 2386
1728 2387
184 2388
891 2389
841 2390
2389 2391
382 2392
880 2393
366 2394
1913 2395
1092 2396
620 2397
1125 2398
951 2399
1812 2400
1985 2401
776 2402
2030 2403
589 2404
2361 2405
1231 2406
971 2407
125 2408
535 2409
808 2410
802 2411
817 2412
2397 2413
2246 2414
1879 2415
795 2416
739 2417
1204 2418
981 2419
1685 2420
2278 2421
995 2422
1335 2423
1544 2424
1005 2425
1917 2426
676 2427
117 2428
1794 2429
800 2430
842 2431
1088 2432
1055 2433
1725 2434
657 2435
2029 2436
118 2437
2234 2438
2139 2439
1884 2440
547 2441
383 2442
367 2443
1618 2444
1774 2445
1706 2446
811 2447
724 2448
926 2449
1237 2450
379 2451
170 2452
892 2453
861 2454
1589 2455
1250 2456
948 2457
63 2458
1902 2459
1355 2460
1028 2461
2020 2462
1347 2463
337 2464
1154 2465
1876 2466
599 2467
1875 2468
1596 2469
1564 2470
2323 2471
2141 2472
912 2473
2380 2474
1117 2475
918 2476
773 2477
845 2478
199 2479
939 2480
2047 2481
1275 2482
1230 2483
2178 2484
2291 2485
518 2486
769 2487
960 2488
2436 2489
1384 2490
2348 2491
1507 2492
1872 2493
1500 2494
620 2495
1489 2496
1245 2497
630 2498
1391 2499
1355 2500
2439 2501
651 2502
1830 2503
1601 2504
709 2505
530 2506
437 2507
2261 2508
8 2509
1583 2510
1508 2511
219 2512
2101 2513
194 2514
658 2515
1637 2516
703 2517
1465 2518
882 2519
625 2520
2504 2521
302 2522
196 2523
2246 2524
2192 2525
432 2526
412 2527
1343 2528
2465 2529
1256 2530
1113 2531
1729 2532
729 2533
1103 2534
1660 2535
1216 2536
442 2537
465 2538
2178 2539
1189 2540
1765 2541
187 2542
2084 2543
2497 2544
2216 2545
1615 2546
439 2547
1709 2548
1968 2549
946 2550
2136 2551
343 2552
372 2553
2221 2554
986 2555
127 2556
676 2557
2174 2558
1498 2559
1919 2560
617 2561
1253 2562
1843 2563
2366 2564
473 2565
1531 2566
339 2567
970 2568
344 2569
2523 2570
1676 2571
2104 2572
2331 2573
743 2574
1346 2575
240 2576
2563 2577
2305 2578
487 2579
435 2580
1731 2581
984 2582
1393 2583
837 2584
1906 2585
712 2586
2414 2587
2339 2588
2448 2589
1010 2590
1329 2591
296 2592
1912 2593
1731 2594
1732 2595
1379 2596
1966 2597
1532 2598
2488 2599
1711 2600
1363 2601
757 2602
1032 2603
212 2604
519 2605
2167 2606
2350 2607
1868 2608
2546 2609
1486 2610
753 2611
1509 2612
373 2613
2472 2614
1104 2615
2450 2616
1906 2617
1836 2618
457 2619
2269 2620
2354 2621
1469 2622
309 2623
2429 2624
211 2625
2013 2626
1668 2627
2116 2628
1234 2629
4 2630
1059 2631
341 2632
475 2633
902 2634
647 2635
2075 2636
2217 2637
1859 2638
1995 2639
640 2640
1252 2641
1461 2642
2515 2643
240 2644
2335 2645
1099 2646
1510 2647
2390 2648
2440 2649
1328 2650
290 2651
2435 2652
1953 2653
127 2654
1888 2655
331 2656
969 2657
2099 2658
2609 2659
774 2660
2005 2661
408 2662
2390 2663
1716 2664
697 2665
1042 2666
103 2667
1057 2668
1337 2669
703 2670
2434 2671
170 2672
835 2673
2016 2674
1471 2675
2196 2676
154 2677
152 2678
1384 2679
2527 2680
765 2681
1002 2682
425 2683
2640 2684
1641 2685
427 2686
1259 2687
2139 2688
1586 2689
1248 2690
1835 2691
80 2692
236 2693
1487 2694
451 2695
451 2696
1967 2697
1054 2698
2414 2699
2060 2700
575 2701
1675 2702
2244 2703
1570 2704
971 2705
926 2706
1067 2707
1577 2708
429 2709
1891 2710
725 2711
2578 2712
787 2713
350 2714
1559 2715
1057 2716
1766 2717
789 2718
2127 2719
1594 2720
1761 2721
1119 2722
1994 2723
2459 2724
2160 2725
603 2726
519 2727
1552 2728
1571 2729
862 2730
272 2731
2437 2732
603 2733
1806 2734
1803 2735
1460 2736
2180 2737
1888 2738
1482 2739
172 2740
1278 2741
785 2742
287 2743
90 2744
746 2745
2223 2746
568 2747
2629 2748
2311 2749
1305 2750
2239 2751
2179 2752
259 2753
1363 2754
694 2755
716 2756
2422 2757
145 2758
2703 2759
1243 2760
1131 2761
516 2762
2401 2763
1868 2764
1036 2765
1854 2766
1238 2767
458 2768
551 2769
1787 2770
1848 2771
1361 2772
2490 2773
475 2774
228 2775
629 2776
1320 2777
1472 2778
2287 2779
142 2780
2393 2781
1774 2782
186 2783
242 2784
95 2785
1010 2786
315 2787
344 2788
140 2789
1950 2790
2418 2791
99 2792
2102 2793
2310 2794
366 2795
306 2796
2528 2797
2724 2798
1518 2799
1227 2800
2408 2801
947 2802
2331 2803
1495 2804
1260 2805
1029 2806
2779 2807
916 2808
340 2809
33 2810
2733 2811
2424 2812
1241 2813
1017 2814
177 2815
2417 2816
1834 2817
285 2818
1048 2819
960 2820
1877 2821
1740 2822
1736 2823
1998 2824
2810 2825
1258 2826
2797 2827
787 2828
34 2829
911 2830
1519 2831
2144 2832
1989 2833
844 2834
2072 2835
1792 2836
2193 2837
2566 2838
1500 2839
2722 2840
1027 2841
2603 2842
2619 2843
55 2844
2693 2845
2114 2846
1028 2847
1368 2848
2521 2849
1518 2850
2378 2851
2373 2852
1648 2853
2603 2854
2536 2855
1202 2856
1527 2857
1028 2858
2395 2859
543 2860
1490 2861
1106 2862
592 2863
2814 2864
2713 2865
1345 2866
2562 2867
2275 2868
1747 2869
75 2870
2232 2871
2597 2872
277 2873
904 2874
2652 2875
2046 2876
1798 2877
1378 2878
1753 2879
878 2880
1580 2881
1325 2882
779 2883
2355 2884
2607 2885
414 2886
913 2887
2762 2888
1499 2889
2756 2890
460 2891
2132 2892
627 2893
118 2894
1320 2895
1905 2896
858 2897
2685 2898
777 2899
2172 2900
2699 2901
1056 2902
1097 2903
2593 2904
1221 2905
2008 2906
1017 2907
2019 2908
490 2909
107 2910
1223 2911
2086 2912
2836 2913
304 2914
2023 2915
2615 2916
1498 2917
1060 2918
302 2919
2808 2920
709 2921
514 2922
2416 2923
357 2924
2458 2925
49 2926
2255 2927
1727 2928
91 2929
2561 2930
799 2931
2483 2932
2417 2933
1444 2934
2871 2935
1264 2936
2668 2937
1827 2938
544 2939
2278 2940
2634 2941
914 2942
2452 2943
592 2944
2909 2945
1588 2946
2774 2947
1533 2948
1564 2949
367 2950
1805 2951
1455 2952
2206 2953
2738 2954
1615 2955
760 2956
1485 2957
1872 2958
2347 2959
1992 2960
1773 2961
1682 2962
513 2963
1636 2964
785 2965
110 2966
2798 2967
1272 2968
755 2969
2388 2970
1808 2971
2453 2972
1619 2973
2001 2974
716 2975
2458 2976
2068 2977
97 2978
2054 2288
1771 2527
137 965
1602 317
1365 2634
1669 1859
2771 1478
2052 610
2288 1938
1783 1215
2681 1922
339 2132
2573 1695
473 1959
571 220
32 2493
242 206
2099 622
399 1561
336 832
2125 2385
1148 786
1756 1441
1598 1176
2109 1496
410 1687
334 2577
1738 59
846 2693
422 133
2724 2524
2201 1969
1255 2769
489 1580
660 1195
982 1129
1849 1925
2295 282
2661 1678
2100 265
959 1388
1098 2762
276 2198
2835 6
2849 794
2906 1205
1861 2264
977 2612
202 535
1255 296
2096 2015
2357 759
2569 1025
537 2817
1552 1545
2390 1566
1895 2028
33 1698
840 2884
2611 1217
1551 2422
873 784
1070 150
679 791
1080 2279
1551 1245
1463 497
1427 457
1900 2716
1521 1966
637 465
1366 2670
145 1290
2671 369
363 1282
1081 2729
1064 832
992 451
519 661
1057 1845
1736 28
1918 2036
2726 2080
2923 505
1268 2276
1948 1590
1692 1818
210 2500
1627 728
1672 2634
990 1333
618 287
1411 2006
2895 2813
2557 2710
197 2433
461 1332
174 1205
794 797
1104 1250
186 220
857 493
823 425
1644 1744
2018 94
1606 2553
921 2595
1239 969
1083 2709
524 2409
1753 1125
1165 255
2604 2823
2071 572
1254 2214
2618 1100
1435 2427
2482 545
2751 1758
1303 2957
2179 944
1384 1680
2888 134
859 2342
566 1906
1887 1142
995 467
358 1003
1979 2647
2078 2303
2586 2909
200 2512
1897 660
629 187
241 2415
903 144
1623 2186
1782 1795
2510 705
2403 779
933 1743
1139 2602
1896 766
1169 1000
2675 2523
790 2911
2562 459
284 457
1140 185
2115 2384
2381 2050
2374 980
734 1160
2562 1473
1257 2695
2148 995
2242 2018
857 2797
2174 114
321 1165
1293 2143
2933 2107
521 1024
1180 120
342 2344
476 2186
1848 375
2741 1419
2967 407
2138 1566
636 1684
1752 1025
2499 1573
989 1991
338 518
2077 2625
1736 2945
44 566
469 1041
1762 1266
1195 2014
1030 1087
195 1990
2842 1184
1444 2432
2497 2564
478 1899
1525 1376
2502 1052
1490 2696
110 608
915 1233
1399 394
2312 250
827 1950
828 2327
1582 2058
361 1197
1930 1021
2393 1160
2210 294
895 486
1078 1480
2341 2761
2169 2471
1161 2864
2671 744
2655 2371
2150 1310
1548 396
2794 1027
2089 2885
1653 1678
875 311
662 2134
403 248
571 225
1953 1503
1594 1900
2437 2565
1458 965
630 1655
1655 2019
557 740
2181 658
1967 2026
673 1825
243 1338
2269 388
400 296
183 2392
464 2036
251 100
107 1830
173 388
1150 233
1119 905
2908 927
1667 1882
2249 613
1274 225
1055 490
2056 1619
2496 737
1602 1018
264 1846
312 2566
573 915
1606 750
870 186
2174 1736
1221 1845
116 1849
2379 167
1502 1820
1276 1182
2667 1631
877 1317
2569 782
1916 2854
2133 983
758 408
1960 1534
2572 1985
279 1523
1356 1399
1077 1030
1992 2264
1600 995
2178 2163
494 1248
2446 1859
2945 106
415 2579
827 1263
1105 567
2894 7
1141 308
1683 293
467 111
1628 928
1500 1614
608 702
1992 285
518 514
1553 177
365 2700
1761 195
2008 1629
255 1423
2669 400
1509 1883
2357 1088
1256 1470
1738 1195
1261 2609
365 2015
2119 2831
1037 2145
2875 1503
296 2853
536 1976
136 2788
782 2417
1177 2061
995 1264
2147 511
2636 2145
2227 339
1902 1609
2852 87
2735 1051
2410 2341
869 2270
1043 987
2876 943
1613 1817
1176 332
564 1177
2888 1984
2912 1186
495 1901
2677 1818
480 1654
2686 749
2129 1706
2497 846
2032 1669
1389 1275
200 2003
871 2434
1539 236
985 963
410 1522
1397 497
2655 533
2429 97
844 1765
1609 961
2975 1718
31 2313
555 1244
943 2463
1401 1464
1409 2879
1751 1265
1303 951
2230 306
1576 2012
2104 1797
2886 1973
1637 29
1327 1782
1936 1204
1715 1609
2510 480
640 44
1311 2698
1509 1157
1927 1614
330 778
1128 2953
659 2778
1307 887
439 2561
474 1572
609 2835
2825 108
561 2253
303 712
2217 1850
1650 642
631 971
1368 2353
1274 2368
2028 1716
2713 2329
2114 2780
2450 2003
1041 852
1417 2939
499 2809
284 1995
111 1805
1092 2556
253 217
2486 1113
1291 577
1237 967
846 593
2320 2426
1305 2578
1956 1506
47 2328
2158 1320
2658 1547
2367 346
2365 2089
291 2652
1610 2760
81 2186
2824 970
2657 2010
2594 1173
241 512
1170 2392
1067 461
2292 2840
1190 2593
2751 2409
286 985
1775 403
2180 2323
1282 2140
2599 571
1194 2619
1351 464
1316 1274
1672 2279
2327 2084
2535 135
2177 2532
81 1432
1954 2053
1099 2892
2804 218
2157 2549
1615 2763
2157 2686
2709 2236
207 1369
1270 2366
2740 367
1566 1607
658 2094
603 138
1200 1832
1817 1500
562 884
2063 2538
1723 233
952 2429
1212 1481
644 1739
1361 1905
2401 1125
1675 170
513 1962
1045 820
2668 298
341 2262
2646 1332
1626 1611
238 2137
2210 321
2615 172
533 2634
2133 1879
1387 2787
1549 824
366 2949
2415 271
1443 1233
316 391
2875 646
1822 2155
649 885
1472 937
574 2462
2051 567
695 2728
1834 2886
1384 1654
348 1833
269 2360
1327 2678
685 723
512 305
575 2321
181 1795
2811 98
2470 1516
2288 915
832 1162
1667 2739
2249 2571
2057 1574
2604 268
1676 2297
581 206
1717 2813
2879 1408
2522 66
1802 2451
292 120
960 2877
1005 1661
122 503
925 2894
69 2516
2690 2853
1373 139
2361 1093
1176 2695
281 850
1097 637
2852 494
15 482
1560 703
2343 1406
1797 1030
1357 2971
1299 2540
2449 1524
1924 73
736 296
2415 357
188 1795
764 1981
2408 1386
2489 1479
2133 2437
360 1286
1050 1567
583 824
810 1666
2097 551
2599 1965
361 2856
636 811
1147 1642
1699 1223
932 857
1356 2351
2824 739
18 2038
1619 1881
2586 233
2951 975
40 2419
806 2184
2419 409
14 936
923 449
47 426
1367 2844
1001 1668
1291 138
203 529
2214 1595
711 794
1831 2345
353 1770
1211 2296
2750 1425
637 2704
2661 570
2237 2361
293 967
2753 764
1283 38
2140 1373
1206 920
2217 1415
2628 1419
1819 277
2229 788
2420 2356
1421 567
840 2924
300 1371
2790 1364
2466 489
1193 1498
2182 339
2533 2356
93 534
1289 2582
1791 70
2897 983
476 606
2777 1661
885 270
2694 1336
779 549
1328 1641
251 2275
1164 1171
2728 190
669 1898
275 741
627 847
2630 1198
2603 1569
362 2860
2862 1978
2853 1853
78 394
1253 2438
1328 2386
2667 443
670 433
2066 1726
2777 2143
2182 462
2780 2962
2356 493
331 913
155 1185
1724 866
962 2323
2466 1718
1921 2138
625 813
379 178
132 1570
1185 2112
2571 132
1908 852
2919 1427
2221 2776
243 2399
1615 2140
2756 2927
984 1032
335 1145
2298 1988
2181 2911
1015 1034
2447 333
1572 2729
1643 2141
2252 1449
1390 1429
2383 2414
1823 406
1759 2495
2757 1359
2168 1048
2435 1194
2315 109
2783 5
1472 2223
945 2638
155 401
1190 2386
1176 1569
2814 1636
207 671
2603 645
2459 1390
431 2959
2841 362
1377 2025
2152 441
2220 1260
80 820
2543 2059
1925 1161
2903 438
826 1079
945 1001
1125 1393
1050 2415
2104 2892
2496 470
2140 899
543 1851
2508 2780
849 2544
1194 2685
1023 1428
1396 20
980 1006
2760 133
501 2783
2938 2756
1178 1718
1245 2076
2978 1518
603 1110
1568 1825
1408 2264
2401 2297
816 740
442 426
2149 459
405 513
2698 1527
795 1118
346 2876
1431 1371
1329 2310
2489 752
494 1921
925 934
1808 1888
907 2629
2899 868
1313 2608
1546 1717
2767 1267
827 2904
1563 1060
2554 2467
1302 2711
600 31
254 1017
1025 1206
1608 1361
1859 270
733 2795
2520 442
1630 745
1596 543
2586 920
1526 339
2476 535
1924 263
1624 1711
2731 1003
168 2202
1176 1963
2584 640
459 775
1899 296
1368 727
2129 1270
1805 2723
424 2431
2244 1037
2025 2924
1575 2552
684 2873
98 862
2703 1656
981 234
1987 2898
92 327
2546 410
681 387
2153 2013
825 1085
738 206
1514 130
2067 2229
2756 2635
1582 2422
2175 255
2847 932
346 2916
2243 806
1305 890
750 2098
1425 1564
1579 569
112 496
2086 731
2495 2505
2216 1418
2467 2377
2606 2133
704 1643
173 638
105 2599
2294 2061
1014 17
2146 1087
600 1275
1486 2606
1296 1895
1791 1795
2451 1322
1151 2470
568 2471
1755 2603
2796 1744
2288 2823
2351 1089
1080 1510
2319 461
2495 2414
1433 2681
1253 1042
2556 1793
347 664
2257 1249
866 1885
2870 1326
1315 359
1556 2623
1847 2380
295 413
463 2573
1510 1481
539 2227
2925 2185
2879 2519
1081 1889
1627 777
2206 1460
473 695
1122 1515
2220 1882
776 1563
2625 2704
2324 1308
1295 1422
852 2523
175 2167
1609 2197
2795 2073
1345 2667
2422 1400
729 1182
2145 990
1715 137
666 2032
143 910
1397 2937
1714 909
2765 1290
2906 2771
729 32
2148 2604
512 2041
1299 1866
2381 1287
2684 1233
1448 2905
1418 404
2580 292
388 1059
481 912
358 1791
526 1193
33 754
618 2060
2348 780
2395 2421
1477 2392
1022 2822
1626 1996
1102 1343
1534 1744
806 2161
352 252
1994 1425
1533 2607
1611 286
2329 141
682 2164
69 1628
810 212
2379 2545
860 2781
2806 2881
944 2846
2080 2631
835 413
852 2175
1248 2064
777 2594
2653 1326
1974 2296
1084 1503
1764 2094
2893 1010
2475 1348
2335 59
222 449
415 1017
1477 1174
2973 75
2159 793
1856 2810
1597 427
2300 2443
2589 808
1912 250
2332 1925
1596 2197
2297 1851
901 1703
2332 1422
71 294
1743 793
2890 1479
2626 924
2862 1968
2898 2179
1894 583
271 1724
2203 2628
121 696
153 1259
818 847
2519 1524
1079 103
2730 1459
2477 2274
2252 1973
1555 594
1218 2441
1329 1749
1952 502
2887 550
2422 2609
1276 2406
2581 1282
2766 972
1898 1128
108 1447
1547 976
82 1685
2590 611
864 307
2260 259
35 1454
2508 1483
609 1690
1426 1080
1952 1533
2816 1734
2301 2840
749 1822
2302 1148
2374 2369
159 1094
553 1177
744 2507
2970 1770
2444 2488
1706 531
2286 2103
218 1442
1878 1302
2943 891
2042 2822
1247 372
2480 1548
232 2795
1925 928
1545 1627
650 1782
378 2504
253 1431
878 2938
1705 2954
1287 931
2471 1171
13 1717
1479 2025
2780 398
2484 1632
935 2539
1054 2777
2429 1753
257 2587
526 556
2419 1279
30 1334
1772 1901
532 1416
49 1740
1696 1669
2540 901
2698 14
2626 329
1322 2783
2095 1637
1053 1243
800 1307
1820 2426
1882 1055
2845 1549
2639 2384
1358 1875
1667 1463
1679 221
629 2202
1667 535
836 2723
1013 2740
562 1711
2229 1507
600 131
644 2115
2613 2162
2455 1943
2499 423
2715 2619
2633 249
57 987
1821 317
2404 2324
1607 1127
1136 864
267 1323
534 2874
892 1855
1408 1793
1292 2313
2779 1450
2872 1036
2972 681
1642 2322
1685 1369
2530 1484
2467 1577
1730 1145
2745 199
110 288
566 2614
2800 1243
2556 1719
663 1001
165 2519
682 1812
184 2555
1824 1649
1965 2854
2978 2481
2943 467
1167 2121
2703 437
2828 890
141 1584
2714 1599
1542 369
1613 2039
747 1661
996 1404
2594 1980
351 2455
62 2717
2659 2763
1616 391
1911 624
2507 1271
79 1872
2425 632
2261 1439
167 158
1782 557
1861 2130
463 198
124 1527
2305 833
704 1727
2472 2345
1770 2322
2919 1775
1405 1190
1307 2650
467 1324
468 1844
2273 10
2045 561
2154 788
299 2732
1577 2188
502 973
1339 577
1014 1586
2525 2294
1525 964
2156 2794
732 1506
1570 1746
790 765
1049 2957
1972 376
1337 360
1926 1436
558 1254
2104 164
525 690
1871 1889
810 865
2081 13
1108 790
1657 751
1942 680
1074 442
2555 685
2349 1287
400 2937
64 428
1275 2249
957 2131
1642 143
1473 2330
2707 444
1430 1758
1876 2697
2260 2219
2695 2357
83 369
300 1154
106 2477
581 1493
1898 289
900 1123
1157 1532
1596 1566
268 521
1118 2738
643 2911
2707 1578
1254 1657
1282 1921
2899 2181
2447 2704
2943 1748
2055 1261
2871 2052
605 275
235 887
2838 2231
1683 2789
115 2541
2808 1228
255 1964
1565 969
2899 2410
2227 1040
1918 2959
2833 1510
2485 641
1221 73
253 989
1659 2400
1156 399
253 1318
1587 1180
2578 2182
970 774
2929 1400
2133 2528
1184 724
1270 2706
62 2090
896 1653
505 62
2408 986
546 1994
317 497
322 1584
944 1369
184 287
239 2831
2492 2782
26 295
530 1520
2664 839
1299 1631
2154 1339
274 491
2394 2131
964 1321
1400 1807
744 2308
1938 1756
2731 2038
272 369
245 1085
2267 1516
770 2681
1518 360
2644 1279
1985 2960
2737 2485
2251 840
728 1894
339 1325
223 2248
2270 1580
1775 2204
381 2227
53 2827
2061 2705
1130 412
1424 2464
2903 1954
1351 603
1000 2813
2905 265
611 114
1557 1367
586 845
786 1720
1387 460
56 1910
129 351
861 583
2551 2305
99 2458
597 183
1252 2232
701 2847
818 1707
2384 1722
2829 2456
2342 2213
1542 2138
399 377
522 1255
916 930
490 466
1371 737
2886 2361
2068 1935
2594 1515
2820 2957
977 2053
2719 1183
745 2787
850 772
1007 2955
1937 567
1282 434
831 196
517 672
2352 119
787 2163
38 1161
2583 2434
2855 356
108 2573
380 890
1542 2048
1604 1714
2403 2447
1015 1904
1291 341
603 1589
820 178
1072 771
1758 2795
432 907
597 2365
1189 755
2440 647
1879 1672
906 2722
1806 191
2296 1428
1586 2674
1771 1035
1081 280
2487 1260
1247 2466
398 1066
2901 475
2069 1462
813 142
2394 747
1734 605
509 1185
2316 2273
606 494
826 1978
854 1678
1267 919
1251 2433
2850 918
146 2238
333 932
202 1495
357 125
250 733
1791 1208
596 361
2558 1228
1430 2915
2674 1133
2384 1246
1603 684
2763 816
715 2078
2881 438
397 1193
2687 2575
1496 800
523 131
1594 1675
1072 1141
669 2865
1754 2314
2156 600
415 891
912 806
1176 2838
63 510
2248 357
2974 328
9 2174
879 456
863 1903
2404 822
1894 1039
1860 623
696 2083
449 2825
2790 2671
2848 1059
2751 565
739 2972
1813 1978
1490 526
797 2735
1129 2498
1215 1571
1503 956
2558 1743
647 1645
2535 726
1735 989
2112 2072
2538 878
2170 888
2337 2462
1654 69
2217 1756
2828 223
1009 1587
1139 566
606 2833
1169 2023
847 1934
1425 2619
475 719
773 2616
2394 2114
138 2880
1593 2509
942 1500
2813 299
2429 2567
1301 347
185 472
770 2412
2621 2034
657 445
1026 2960
808 1303
1237 2198
1129 1855
2842 441
2448 1617
1859 779
1697 1994
2152 2332
153 1566
305 2030
1303 2500
2613 763
898 2001
2406 1438
1235 1845
1605 153
2150 2426
188 611
642 2595
1721 2023
1199 987
2801 725
2415 1504
2157 2867
2237 2839
1685 1788
2203 290
2592 1171
296 931
670 1733
1757 250
1891 543
1528 1999
1163 708
1945 1929
1236 2117
919 2689
597 1111
1619 871
1258 373
891 31
2858 1361
1973 871
2078 893
2593 1647
143 1849
1171 1955
2780 1158
1334 1794
421 702
1956 301
2911 970
2870 1995
376 2162
2350 1556
1050 326
2460 2476
117 1951
1308 1497
358 222
1475 203
1311 464
2258 2126
535 1679
1001 1850
8 2382
740 801
2969 266
2369 2469
1105 2373
2396 265
2603 1574
1898 1955
2627 79
329 2234
1885 2925
343 666
1329 2854
835 364
1137 190
800 1579
2922 433
917 733
2745 2835
901 1060
2309 1090
1839 2114
473 917
1633 1391
1397 980
2381 2120
886 282
1962 351
2364 1226
2677 1419
554 941
2409 2905
253 400
1963 2163
657 2904
2658 2100
2932 2574
559 1933
1426 2156
2384 19
1982 2156
646 1195
1368 888
1152 2103
401 2700
2976 216
1980 2828
1068 2792
884 2389
2395 236
1393 1781
257 1974
2843 1095
2831 1846
2220 1967
1208 969
641 1326
2662 6
1953 1373
2192 1000
2069 2576
2842 1471
1020 614
2489 192
445 2559
191 1008
2357 2725
2801 1197
77 2031
529 2148
170 110
1838 1639
2388 2637
1040 1480
391 1316
1100 987
1875 121
747 1384
617 2490
2953 829
1530 980
245 1066
1806 2363
2720 2570
778 720
2305 2050
913 666
2899 674
283 1232
82 1097
992 1608
2789 1803
263 2729
1761 2251
1269 1698
2004 2456
1680 1071
2808 22
2765 1926
363 2162
2592 1574
685 1197
995 2484
1137 897
998 2044
2865 1499
747 1471
1575 2325
2912 2172
1234 2301
819 2244
702 179
1781 1297
620 1928
1411 1852
111 1381
322 716
1528 2879
1670 1013
677 1680
289 369
2606 2215
1565 248
730 850
705 1506
792 818
734 1648
1376 2012
695 2722
2357 1707
1771 2019
1214 2221
1082 763
194 549
662 2894
1219 2737
1504 276
2611 1858
36 2730
2034 2844
811 485
1325 1053
1031 466
889 1772
309 635
1766 30
2090 2562
501 1248
907 32
2308 1064
2885 1491
2244 1014
2417 1382
1466 1921
2832 2007
589 1666
35 591
785 1401
395 2666
272 154
1211 1271
2744 384
1653 1216
2616 2401
2379 2604
961 2213
2378 2500
2234 2818
2947 1489
2836 1450
2854 1834
491 1457
844 1902
578 2920
2891 2751
2352 1272
1960 2375
9 407
2148 2970
932 128
2351 1616
857 2071
2140 1317
1011 1472
2908 2639
2456 63
952 2721
145 250
1093 2857
2543 269
1701 459
1689 596
77 2342
272 2143
1348 1327
2183 2641
1157 2469
954 1342
906 828
1415 1292
98 76
1541 2742
635 2382
1746 1915
1877 349
2802 619
751 2385
586 116
2589 963
1931 372
911 1553
1452 708
1241 349
1067 2567
458 2226
1853 2439
1725 1454
1648 939
1902 1434
1168 152
1826 505
1619 2208
1440 2345
1729 2655
2290 915
411 1026
2361 2763
2805 2618
617 2062
2765 350
1746 1241
2168 1534
62 997
2653 2288
1445 124
48 2695
1561 926
2872 889
55 2417
1300 72
2481 1410
2404 2173
504 2201
895 2538
1419 2239
2166 1193
2341 2345
595 903
815 601
2382 1742
1907 1203
1445 742
2563 560
371 2188
2195 815
1241 441
874 1486
1316 1498
311 2870
1322 2187
1522 1700
2154 894
1617 2429
1087 1660
767 33
2662 2645
1116 87
2334 2424
2560 2199
1893 2911
2197 162
2537 2122
167 2908
943 995
1693 849
2134 2872
2004 998
2777 574
947 1441
468 2087
1101 734
2831 1670
2051 1016
1470 150
833 1947
1997 2838
1380 1034
970 1509
289 1359
2622 1119
19 1584
1032 1568
2899 2130
1304 95
2161 990
2733 1352
1398 938
1387 2975
27 891
2564 2164
2398 2221
1253 930
1250 386
2567 2926
2726 2136
2381 1662
576 2088
1538 197
2670 1374
1 2903
2739 2524
2883 2853
1917 2447
2823 2765
990 2667
728 2816
1938 438
572 1595
749 821
2199 2033
2282 5
1476 1501
368 2869
2134 646
538 1718
2594 1974
279 94
2336 1389
607 199
1119 2143
1096 1815
1219 905
1547 2453
2155 2797
1046 1685
2550 1395
2589 1457
1896 1524
631 136
1092 453
1217 1335
2805 1944
1520 2173
1512 297
1969 2839
1048 407
257 1532
1699 507
2133 2451
1004 2400
2392 1189
469 1325
1535 1255
901 2546
2276 425
439 2559
1122 857
1578 912
2641 1835
2358 936
2715 1041
1150 535
686 959
458 647
532 2748
2783 274
218 2487
728 1733
757 2760
1986 1596
1443 1371
960 1494
1139 2401
2430 2322
907 541
2250 2360
2575 217
2527 159
400 1268
25 484
1236 1884
520 63
1926 1274
1479 106
330 487
1087 1824
1985 2741
1406 419
573 83
836 2564
1649 2601
607 166
2219 1298
2903 2585
2236 1932
2067 691
305 1403
1065 374
2798 721
1705 1647
551 369
927 1167
1639 1786
2330 565
1026 1656
2022 1922
859 325
2907 592
796 346
204 237
2250 2198
875 1445
2415 2061
1721 1724
2294 973
2968 2792
1970 1928
1488 2827
514 516
2130 937
7 981
2356 1328
478 2425
2630 1925
2607 405
2752 2213
1973 1660
283 559
724 1235
1104 1787
838 2084
590 1885
2324 1520
1877 2898
2697 1102
227 1695
2140 1190
1154 2619
2318 2961
881 19
2594 1909
2119 2819
2634 1070
2169 1105
1577 2888
689 2738
1563 1530
823 1495
1073 759
2941 31
415 1803
2471 426
2036 488
966 2953
2918 1670
1980 635
2831 1524
15 2454
2237 1373
771 1186
725 973
2718 270
1910 601
741 84
814 2602
759 2086
2877 2469
1658 1974
2157 1453
97 967
2326 2355
958 774
240 455
861 1559
2569 1331
96 2488
1472 857
2224 419
1977 1575
672 2389
2844 2644
1540 1270
2486 170
2886 122
1602 286
689 2836
1218 1914
279 189
825 1552
240 2446
1963 2965
998 2823
467 1795
2501 254
738 632
1929 1958
2901 55
1438 2679
2266 2319
230 1672
1108 1877
1195 1994
187 1289
523 1505
333 1352
1142 77
2390 2364
1133 2825
968 149
795 2243
1779 775
641 701
2263 334
2012 2143
348 1156
1986 1789
1819 580
2637 1844
2621 831
453 2930
1387 1221
1618 2413
2917 1647
2415 658
2953 1447
2866 718
2243 2516
2755 2662
1585 2303
102 1678
500 1268
2598 1894
2586 2925
2954 1758
2618 1384
2007 300
2787 1984
2509 331
2264 199
1436 2951
566 2531
286 1821
117 1859
2322 2463
894 1865
1831 2667
1327 1021
1287 1824
1136 1964
485 915
1868 1020
891 730
628 1171
849 195
2056 2374
2774 951
1132 1472
218 106
382 1622
634 611
1991 917
2441 1670
502 1649
344 697
132 2518
934 1814
1361 417
2358 336
2689 1540
260 1158
626 2547
1651 1129
474 2963
921 1855
1894 2634
2948 1205
1162 889
17 105
2968 1822
1966 1055
2130 1653
2065 1691
714 812
2005 1892
2018 2276
1015 1837
264 810
2158 2305
1357 159
1536 1218
1604 481
2159 907
2409 2688
1575 378
2337 2381
2415 2434
2035 2443
1975 2252
318 2327
1266 1106
2136 715
1776 2348
1312 2788
2261 1333
62 1071
638 2016
557 2524
768 7
373 2030
65 2174
2654 159
2955 349
2884 200
2954 1302
2381 861
903 2345
73 970
358 2339
2037 2047
1954 1916
1219 2119
929 740
768 1839
2154 1448
483 638
958 2059
507 1282
915 230
851 1372
2702 1853
562 2398
1326 522
90 1999
458 2365
619 2122
5 2748
113 1853
823 244
925 1437
2509 1697
1441 495
2379 1562
1865 1253
11 530
2134 842
1608 1987
2593 1060
889 1201
1425 2461
2204 1155
2582 2149
59 1850
2941 1276
1983 1811
155 2123
2869 612
1968 291
706 2483
1821 1611
1577 828
1194 2956
1256 229
2342 1811
916 1442
1579 1015
754 1498
788 2570
2221 1232
1722 967
333 1461
2689 1563
266 2113
1792 1883
2680 531
130 990
770 1242
216 1169
2961 1063
22 2417
2839 2028
2799 691
1939 383
721 1842
2504 2626
1547 462
2034 179
2828 1682
2004 1087
2795 2330
632 1162
2290 2876
2009 2279
2724 2038
84 564
2222 2635
1975 1798
222 1065
619 2574
257 2752
33 301
1970 2703
2046 1445
584 193
2151 1885
1985 769
286 1677
779 118
2152 982
2677 50
2807 858
724 734
383 2255
750 681
2416 2797
1859 2879
1207 1796
15 2279
473 930
2262 1733
2285 102
1654 446
2758 823
2376 1673
1468 2275
1772 2894
1946 1086
807 2174
964 2477
1569 2318
811 1279
118 2799
2764 1542
557 897
2226 1200
130 1017
735 226
303 1139
2715 389
1824 1964
2346 1146
2936 2562
2728 1097
2339 1232
2727 1325
764 257
1884 1693
1616 2775
2608 1062
2884 286
2643 2518
1876 2666
1975 664
1901 2743
280 2958
214 1250
1119 1716
1974 2351
519 2226
2295 1090
2253 2147
579 849
2279 1673
1223 1431
1024 2504
1001 2822
1582 2093
1410 2342
545 2130
64 844
2391 2369
2350 2626
2851 201
842 1475
401 2872
2704 259
1642 555
170 2546
2355 780
3 2430
2612 1967
140 597
2063 1029
112 2913
2477 1558
2685 2463
1995 2513
1726 1632
2242 287
2505 2044
414 430
829 2025
1446 1565
2875 886
192 48
511 1863
517 1546
2651 428
2752 838
2225 2140
2189 1949
715 128
369 1543
367 255
1365 1035
2312 179
2082 2109
826 306
1770 678
477 1859
1493 2821
1267 43
185 306
698 161
1181 539
2276 892
712 769
2910 2267
1065 187
2120 659
511 1791
1756 2172
239 2445
101 2655
459 2130
1734 217
616 2381
2106 1721
1450 2658
588 684
1573 1037
89 278
1234 983
1214 1198
893 498
308 796
676 675
1276 1725
1226 1239
1569 30
2200 2740
818 1888
2508 1254
1769 1078
1898 906
993 1798
743 1190
466 1219
882 1979
2340 1529
83 170
1487 2362
425 2710
923 2559
1303 845
101 1850
659 1733
1688 679
1503 1152
423 577
606 1744
2339 1460
1507 2158
1182 1174
1834 757
1647 558
166 2035
2711 2728
1685 1499
941 2249
703 1506
2571 97
613 933
1470 197
2561 153
416 1234
2743 2788
2469 2009
2805 754
971 2154
1855 2877
2555 350
2679 830
2054 796
2494 2263
2118 1214
2174 1090
2601 2328
1124 2683
2916 2400
1195 2697
995 794
465 1692
155 1208
2630 868
1062 2649
884 764
2455 889
2648 928
393 2770
1106 1861
30 2224
1378 2296
1033 2370
868 27
465 2817
2300 493
2165 1411
1833 960
465 688
676 328
582 1600
1306 2724
1122 2197
1315 1887
667 361
671 783
2170 1111
2134 968
304 1397
403 448
2558 1826
1017 1359
404 1691
770 526
1782 927
1031 2618
729 2191
426 2570
774 1082
23 2474
1958 1635
2267 863
1597 1129
2308 1102
1166 1377
2901 2871
1898 1725
1504 296
2144 300
2199 1190
566 764
2411 1689
526 158
461 36
1840 2742
495 1176
1684 2178
2041 1845
628 18
2948 617
2672 1412
249 1636
2057 904
569 87
2049 2233
1051 2112
932 2081
612 304
2316 1570
669 2428
2028 848
2832 209
2509 2263
1773 229
2499 1539
1106 2638
633 1055
1474 2609
1614 2784
2386 1728
868 1565
1684 527
2200 345
1702 950
1316 1441
2970 90
1448 1470
1735 2441
244 2233
1815 2753
408 2357
1080 293
947 797
730 1357
2661 238
749 2454
2475 933
2891 1514
759 1241
1243 2326
1659 1523
1325 425
210 2607
441 406
1815 2854
427 943
1701 887
180 1388
1056 545
2004 2851
662 545
1364 2210
1443 1578
33 1477
757 467
308 239
867 1970
8 1262
806 825
2409 2453
1673 136
2146 1512
89 1957
2255 1998
2667 2200
231 577
2637 2384
543 2978
259 303
2126 2013
1485 875
2541 2635
2632 1715
1762 2286
2011 1371
2443 2937
2210 2763
769 1182
1747 2502
2374 621
2037 2077
676 984
1864 353
1040 430
426 2714
1946 832
243 251
1268 1925
719 1704
429 729
1284 2803
2133 2540
1656 1368
1685 2891
2920 228
2672 954
1258 454
2238 1858
600 1524
843 2708
1787 300
2092 920
2830 1948
1919 1283
2554 1648
1527 879
102 1519
2573 2584
726 2649
265 1934
2643 1609
1293 1958
1253 2968
1832 213
558 968
2119 95
582 1544
230 1721
194 1620
1553 2044
1071 654
2954 2846
2429 2523
304 779
2038 1411
640 2793
1377 1013
1706 1243
2273 1436
2835 1194
2108 747
944 2425
1221 73
763 2420
1129 1970
2270 2883
367 1678
2339 2904
1404 1251
375 667
2471 1788
190 1965
2380 4
566 1012
111 1940
1559 1609
710 1536
437 1841
2064 968
1492 1527
1145 231
715 2422
2853 2354
41 129
903 1498
213 2222
2859 2553
1000 2253
488 1790
2197 1419
446 2032
2150 1895
168 2380
1822 305
21 2075
1425 2957
832 2350
2334 1364
157 273
2025 2766
1212 1097
2289 1518
2977 1416
2675 13
1596 1814
1293 942
2387 589
1188 2677
1504 193
607 1816
2542 478
2586 1227
579 2640
313 1633
499 1788
1629 1459
790 2132
994 1059
323 2174
500 295
1186 802
1129 2810
2287 2641
2224 1340
124 1531
1671 895
1967 375
1818 2430
2263 1330
2712 272
2978 350
524 198
806 314
1033 1647
2242 1024
2480 318
1872 2775
2402 952
1036 563
1970 855
945 247
2774 208
610 2859
440 2911
1808 2460
1924 45
385 845
1199 2123
2748 2897
246 2399
375 2845
2210 1846
2420 2486
1838 54
622 2222
1596 890
2637 2232
1931 2793
1043 766
496 1582
904 651
253 1052
204 2672
588 2576
2460 690
1966 653
2042 111
421 2916
1073 1695
2394 2939
2305 2072
2974 2178
2599 142
2684 140
1167 1299
184 797
1186 1141
1179 2892
2458 826
2045 2879
2425 546
785 787
1614 1204
2903 2513
991 401
1523 2337
1305 1632
867 715
73 2876
123 1381
484 383
1345 2420
1338 1897
1036 2737
169 2099
1494 2278
2851 838
2001 457
2194 830
1191 748
405 211
22 2214
1508 458
611 590
2904 1016
327 1357
1581 729
480 1417
1573 20
673 1348
2732 465
1494 1443
1732 2391
1026 2558
145 835
2670 1684
1690 2292
2230 1730
2686 126
2938 2219
2771 326
380 1589
28 2382
868 1503
669 1687
1763 33
641 2604
2307 2328
632 985
52 1153
1830 772
65 2909
1218 627
2689 1120
910 1790
1822 53
715 1293
1110 1856
8 1665
1104 2897
2411 2797
2925 1315
2815 2174
1603 1792
2862 1553
2490 2670
1091 1329
296 2032
2242 461
413 1029
60 1100
1357 2613
2201 1095
214 2124
2749 2238
1776 1990
2702 1413
1304 2890
1868 921
2539 1337
2070 2164
1297 1719
1616 1898
1117 55
117 2142
1446 2763
2495 301
415 1402
853 2568
1862 2393
7 1068
1638 2621
99 2252
1586 2971
2843 1954
2585 1424
840 1742
1116 1652
385 1677
881 902
1554 783
225 270
2629 576
2710 797
2430 372
2202 1236
39 1415
1885 2926
2283 1879
786 2624
123 2115
146 1305
419 656
449 2526
2415 2278
2163 1618
999 462
463 656
1947 2256
1235 1247
2539 1466
2455 2759
1763 2663
67 2213
2257 138
1849 340
2155 2545
782 2436
2479 971
376 185
2741 1040
1894 2841
2496 477
1066 1136
1183 1137
852 537
2169 1261
2731 72
1442 1500
2977 2832
785 2953
1806 1204
1997 966
2835 2485
1775 1207
2724 1631
754 1203
2966 1907
560 1640
235 1642
2040 1180
723 2252
2057 2745
1153 643
2426 1396
1350 1990
2057 1068
1851 250
1436 2144
1700 183
1337 2937
2359 1886
2077 1308
564 1737
1750 1317
2738 561
2619 1527
811 2640
2566 424
2016 2848
502 623
1665 90
1985 2046
2939 1621
2816 2911
1405 1169
1440 2557
2667 2014
1542 193
2954 998
2042 2301
938 2536
2082 1231
2976 2196
403 972
1485 538
3 505
2876 2569
2669 1386
2763 2437
2911 2855
1367 633
2167 555
2822 78
2705 1535
301 2252
796 1444
1115 200
2149 2244
440 203
495 1501
2363 162
2848 1878
445 2961
2804 499
1024 2878
2013 171
1487 1016
497 2290
1445 376
1062 2857
1282 1671
2638 513
1169 2018
2006 2084
413 1879
859 1564
531 514
1801 768
2421 2616
658 1286
1173 1982
289 1045
491 1646
67 1827
1291 214
2187 911
1539 344
659 986
1833 1989
1075 1456
642 975
131 90
2651 2130
2676 1540
2334 126
211 2170
2578 922
1090 564
1487 2592
1968 2788
930 1221
1123 1364
1826 1298
842 2823
571 1507
2166 2289
2755 2872
257 2601
670 426
1301 2465
1130 2458
1377 1380
647 841
2556 754
2760 181
1639 526
1995 2481
48 1261
2448 2786
2668 1371
143 446
2903 1045
591 1043
291 2451
2789 858
144 1877
936 1039
886 1159
2935 623
1904 1476
211 2718
1807 970
282 500
462 312
2585 1119
1855 225
2457 1413
291 2954
564 833
746 2281
539 1030
1935 1144
2716 899
180 1671
823 2597
1896 1997
1237 1280
677 1237
1592 117
1679 655
2064 1607
2502 2403
2335 1153
487 2355
8 2474
245 2065
2135 77
55 1875
1511 2526
1698 2219
2123 421
2869 209
1205 2562
2377 1015
1129 1344
366 1804
2446 2952
2309 2861
902 359
1605 411
2445 791
1653 1912
1171 612
504 637
137 1375
18 376
564 1992
720 866
1504 1829
1529 58
1877 2694
1115 2437
2498 713
1981 918
2412 267
2844 383
2277 2326
521 2120
1902 148
1875 1296
305 604
1822 675
279 1536
2187 2267
1746 1624
369 1891
2977 315
1732 1850
758 2739
1022 1721
862 38
1336 1367
975 2397
276 521
2169 1290
941 1218
1743 1507
1628 907
1130 1463
2810 2876
2368 504
1726 2460
2080 1580
1762 1962
1193 1759
1566 300
945 1624
2408 35
2904 1133
234 569
1524 2892
1943 2569
201 1310
1252 1976
598 2903
130 2222
2307 2718
572 128
436 1818
710 2404
1253 560
1081 2233
1416 2260
710 1898
1432 1439
1512 1750
2166 674
1568 520
2666 2162
1065 2618
1719 357
73 2043
1084 1081
166 109
798 1224
776 2728
1548 970
1215 2766
2410 203
1973 200
1918 2108
665 374
879 2820
223 246 223
1 2
2 3
2 4
4 5
3 6
2 7
1 8
1 9
9 10
6 11
6 12
11 13
13 14
9 15
15 16
8 17
12 18
2 19
18 20
15 21
16 22
4 23
15 24
12 25
9 26
16 27
10 28
27 29
21 30
13 31
26 32
19 33
29 34
12 35
27 36
22 37
13 38
5 39
39 40
33 41
35 42
38 43
13 44
24 45
23 46
44 47
46 48
39 49
11 50
25 51
5 52
12 53
35 54
24 55
54 56
31 57
8 58
30 59
30 60
45 61
43 62
27 63
3 64
11 65
24 66
55 67
23 68
36 69
39 70
55 71
9 72
37 73
33 74
60 75
41 76
24 77
10 78
5 79
57 80
23 81
47 82
46 83
32 84
75 85
31 86
18 87
18 88
86 89
51 90
1 91
13 92
72 93
91 94
56 95
92 96
19 97
89 98
54 99
38 100
59 101
95 102
46 103
27 104
40 105
95 106
26 107
82 108
108 109
72 110
55 111
38 112
9 113
39 114
8 115
75 116
57 117
65 118
38 119
75 120
80 121
86 122
56 123
45 124
91 125
45 126
50 127
15 128
109 129
91 130
88 131
83 132
56 133
97 134
113 135
123 136
132 137
9 138
135 139
137 140
99 141
97 142
116 143
106 144
26 145
120 146
8 147
133 148
87 149
20 150
8 151
119 152
14 153
138 154
104 155
77 156
117 157
98 158
61 159
83 160
22 161
15 162
99 163
147 164
76 165
44 166
80 167
52 168
128 169
114 170
136 171
123 172
100 173
49 174
108 175
83 176
119 177
91 178
19 179
82 180
39 181
17 182
143 183
99 184
4 185
109 186
89 187
64 188
133 189
146 190
14 191
12 192
101 193
138 194
2 195
190 196
139 197
32 198
196 199
66 200
190 201
106 202
97 203
2 204
200 205
50 206
76 207
139 208
134 209
139 210
139 211
104 212
15 213
75 214
210 215
56 216
145 217
98 218
111 219
201 220
200 221
34 222
35 223
158 195
99 216
195 95
205 115
136 195
1 138
182 189
201 17
166 64
128 164
77 172
32 64
64 131
27 221
123 150
52 40
219 144
52 110
222 56
17 172
68 177
34 57
140 210
5 162
217 170
164 166
69 11
64 58
12 94
142 166
156 148
94 80
156 137
67 151
127 93
141 185
141 198
130 76
30 135
108 74
183 77
103 97
78 13
114 150
103 63
210 37
73 208
147 103
205 70
223 110
189 151
86 179
100 177
173 28
164 106
194 38
111 175
8 208
118 139
78 80
50 219
81 38
160 66
215 8
149 95
50 17
38 78
112 93
176 150
41 179
205 154
16 214
136 92
107 50
3 208
193 110
46 74
153 144
196 115
103 167
112 130
197 190
90 180
134 182
63 51
96 64
34 41
122 216
106 211
173 106
43 68
19 142
69 31
31 220
19 200
141 57
137 215
87 152
92 19
181 120
183 100
88 179
7 178
61 9
117 168
80 81
146 215
185 218
93 103
157 93
2 97
152 4
78 74
145 75
48 177
163 41
41 223
114 85
117 106
184 165
40 7
196 223
179 41
43 221
207 146
50 19
105 138
29 174
168 181
22 2
111 10
183 196
208 73
43 48
40 153
16 211
60 23
16 189
9 122
67 68
79 187
51 216
177 33
11 74
63 182
78 88
200 213
108 147
48 35
152 31
57 19
140 176
9 19
8 145
134 195
85 21
8 28
87 126
207 146
168 175
185 16
66 117
41 19
105 68
93 220
4 18
67 64
15 64
190 81
158 131
100 101
73 168
76 72
213 191
49 193
53 15
82 59
2 171
153 211
38 33
125 24
170 80
163 137
194 216
198 41
52 81
139 122
129 7
174 162
116 30
22 55
123 154
55 109
9 180
57 59
181 113
151 142
87 39
172 103
53 223
50 154
37 24
112 189
188 159
41 119
112 74
223 59
174 63
151 59
84 222
1 94
40 61
34 192
146 141
209 220
215 147
97 223
179 84
209 48
119 169
16 188
144 107
169 106
20 181
215 59
158 43
42 9
73 220
209 152
209 143
43 100
196 208
153 4
30 71
206 102
218 128
109 33
107 206
136 122
148 187
153 61
108 35
97 47
79 136
177 61
157 111
68 142
332 336 329
1 2
1 3
2 4
3 5
1 6
3 7
2 8
8 9
8 10
8 11
7 12
8 13
8 14
6 15
15 16
10 17
3 18
4 19
2 20
5 21
14 22
13 23
15 24
3 25
19 26
6 27
18 28
2 29
14 30
24 31
3 32
23 33
7 34
22 35
34 36
32 37
20 38
19 39
34 40
25 41
21 42
20 43
21 44
31 45
30 46
17 47
29 48
33 49
28 50
42 51
24 52
50 53
21 54
35 55
42 56
40 57
41 58
43 59
58 60
46 61
17 62
48 63
15 64
24 65
23 66
58 67
17 68
10 69
1 70
3 71
56 72
31 73
11 74
11 75
12 76
60 77
60 78
48 79
31 80
57 81
21 82
51 83
62 84
58 85
76 86
24 87
86 88
32 89
85 90
36 91
31 92
78 93
17 94
14 95
95 96
48 97
96 98
16 99
14 100
72 101
43 102
25 103
1 104
48 105
9 106
16 107
43 108
82 109
32 110
82 111
10 112
95 113
96 114
83 115
22 116
88 117
28 118
67 119
33 120
43 121
83 122
13 123
22 124
41 125
73 126
29 127
24 128
83 129
16 130
52 131
104 132
68 133
37 134
39 135
91 136
7 137
111 138
137 139
91 140
121 141
116 142
33 143
75 144
52 145
60 146
67 147
63 148
123 149
31 150
80 151
108 152
37 153
67 154
146 155
67 156
72 157
102 158
55 159
90 160
94 161
107 162
63 163
36 164
146 165
139 166
59 167
9 168
145 169
93 170
54 171
9 172
120 173
72 174
142 175
173 176
65 177
124 178
44 179
67 180
80 181
150 182
49 183
42 184
179 185
124 186
149 187
28 188
138 189
33 190
10 191
122 192
99 193
98 194
104 195
138 196
116 197
71 198
135 199
50 200
158 201
175 202
24 203
87 204
79 205
159 206
22 207
67 208
138 209
99 210
189 211
195 212
186 213
106 214
8 215
140 216
6 217
104 218
115 219
196 220
66 221
208 222
121 223
113 224
215 225
199 226
69 227
62 228
85 229
51 230
177 231
231 232
189 233
231 234
216 235
70 236
194 237
130 238
20 239
228 240
37 241
193 242
2 243
217 244
141 245
145 246
17 247
180 248
219 249
226 250
229 251
17 252
208 253
119 254
149 255
153 256
142 257
106 258
202 259
179 260
158 261
128 262
224 263
149 264
203 265
184 266
36 267
221 268
215 269
137 270
255 271
89 272
244 273
220 274
172 275
189 276
166 277
8 278
93 279
207 280
127 281
51 282
143 283
135 284
197 285
118 286
157 287
63 288
274 289
5 290
142 291
78 292
168 293
212 294
256 295
144 296
187 297
153 298
89 299
26 300
227 301
237 302
271 303
104 304
296 305
20 306
173 307
298 308
203 309
146 310
184 311
35 312
269 313
152 314
123 315
309 316
255 317
286 318
189 319
208 320
59 321
53 322
271 323
3 324
27 325
317 326
112 327
80 328
1 329
170 330
311 331
325 332
304 88
318 70
240 204
267 201
118 134
78 144
278 251
228 117
302 127
308 226
61 142
78 44
313 180
273 310
29 307
212 258
13 232
186 34
174 27
101 217
326 205
298 245
82 217
83 247
203 237
137 186
144 8
111 278
62 41
128 36
273 74
89 237
289 223
189 50
239 255
39 145
84 237
269 302
332 138
272 209
56 51
125 137
111 289
299 244
298 26
75 76
126 131
118 316
62 143
70 47
180 150
62 285
189 316
62 193
22 89
159 73
283 257
15 293
198 80
160 208
267 59
55 262
311 286
44 314
232 225
68 276
253 148
212 254
103 267
296 236
108 222
322 261
41 64
247 86
37 59
32 275
255 189
278 1
3 293
175 55
243 27
248 101
293 61
66 60
258 243
18 16
118 74
60 176
79 332
194 119
72 45
320 294
201 273
35 97
277 268
160 216
129 139
106 12
17 89
265 111
63 185
92 148
284 92
139 180
212 82
212 267
233 179
307 161
61 141
44 47
289 279
163 54
160 259
11 280
264 158
67 16
53 268
129 18
87 54
109 100
127 315
51 285
44 257
252 185
300 229
18 232
52 11
332 299
86 77
213 137
30 294
60 241
60 72
253 183
173 142
259 294
291 164
60 216
63 193
114 133
111 242
212 206
291 176
60 169
301 99
111 23
259 76
114 55
264 39
58 229
235 50
198 89
25 324
296 290
55 143
92 281
147 226
186 50
262 252
46 129
265 124
150 136
166 183
123 173
307 274
54 150
238 201
250 235
249 145
92 324
185 27
152 11
229 307
221 44
144 205
110 85
328 162
88 231
331 128
58 161
50 265
201 268
49 274
104 11
247 277
46 202
281 230
51 132
259 253
40 230
157 42
242 125
320 328
189 179
283 179
245 149
294 315
174 261
205 331
217 114
184 146
87 319
319 60
133 190
290 227
151 276
179 69
230 44
114 226
118 300
218 4
307 204
172 151
72 214
69 197
128 213
275 116
159 212
58 271
19 251
131 118
45 323
236 296
152 147
273 3
240 257
168 185
316 151
74 42
254 139
84 68
36 55
105 60
75 110
89 230
30 156
57 224
243 33
35 211
194 45
101 256
45 118
123 240
103 189
327 178
93 218
235 183
122 177
155 161
16 64
189 157
145 87
115 284
9 138
118 47
189 114
267 188
229 135
223 153
285 54
267 199
272 81
188 54
14 37
269 327
46 103
69 257
121 181
168 56
215 189
9 322
128 296
292 209
272 68
132 231
329 103
327 95
190 130
36 206
267 279
22 318
140 148
141 63
130 162
291 310
259 57
284 240
288 190
81 21
48 174
157 166
190 7
207 130
318 136
43 83
285 250
204 226
305 33
71 72
151 246
51 299
194 133
2 283
121 92
212 51
290 66
19 263
282 10
210 241
324 247
176 194
161 288
329 128
213 159
314 327
281 269
149 4
207 36
67 102
322 265
198 35
237 31
19 94
282 153
211 235
88 330
23 304
142 228
97 190
262 48
278 285
82 23
85 163
217 118
435 444 435
1 2
2 3
2 4
4 5
2 6
2 7
4 8
5 9
4 10
10 11
2 12
5 13
13 14
7 15
15 16
7 17
12 18
15 19
13 20
18 21
14 22
10 23
21 24
7 25
18 26
22 27
25 28
1 29
9 30
23 31
6 32
10 33
31 34
26 35
23 36
12 37
35 38
10 39
22 40
38 41
39 42
17 43
35 44
31 45
14 46
23 47
9 48
37 49
33 50
41 51
21 52
10 53
8 54
33 55
55 56
18 57
30 58
13 59
33 60
7 61
9 62
45 63
54 64
13 65
25 66
25 67
29 68
31 69
56 70
66 71
5 72
53 73
56 74
43 75
13 76
21 77
17 78
31 79
58 80
31 81
75 82
74 83
54 84
40 85
71 86
72 87
52 88
69 89
14 90
9 91
14 92
72 93
25 94
38 95
2 96
94 97
77 98
1 99
44 100
85 101
89 102
72 103
80 104
56 105
49 106
20 107
106 108
41 109
15 110
93 111
77 112
53 113
83 114
100 115
94 116
65 117
65 118
95 119
20 120
113 121
10 122
82 123
122 124
72 125
48 126
116 127
27 128
16 129
96 130
111 131
42 132
52 133
89 134
31 135
84 136
58 137
29 138
19 139
21 140
123 141
5 142
42 143
5 144
128 145
22 146
114 147
73 148
136 149
41 150
118 151
18 152
93 153
92 154
102 155
103 156
110 157
147 158
42 159
80 160
82 161
72 162
6 163
108 164
162 165
63 166
80 167
103 168
28 169
50 170
116 171
151 172
66 173
117 174
27 175
120 176
16 177
154 178
148 179
83 180
139 181
79 182
142 183
137 184
173 185
159 186
62 187
133 188
30 189
112 190
15 191
98 192
99 193
60 194
31 195
2 196
172 197
192 198
60 199
83 200
92 201
147 202
133 203
162 204
124 205
177 206
197 207
83 208
30 209
118 210
109 211
36 212
30 213
89 214
110 215
173 216
82 217
148 218
179 219
98 220
33 221
163 222
106 223
61 224
77 225
160 226
105 227
59 228
206 229
226 230
114 231
190 232
221 233
37 234
130 235
99 236
3 237
44 238
185 239
1 240
236 241
54 242
21 243
147 244
12 245
207 246
158 247
133 248
224 249
106 250
73 251
195 252
247 253
79 254
2 255
188 256
57 257
182 258
183 259
153 260
96 261
68 262
30 263
180 264
29 265
111 266
84 267
27 268
193 269
150 270
130 271
177 272
29 273
157 274
49 275
267 276
170 277
94 278
136 279
5 280
240 281
176 282
18 283
119 284
11 285
69 286
212 287
241 288
148 289
79 290
151 291
93 292
240 293
258 294
21 295
165 296
16 297
204 298
97 299
69 300
206 301
28 302
208 303
180 304
65 305
7 306
195 307
27 308
2 309
10 310
55 311
69 312
51 313
29 314
239 315
115 316
161 317
163 318
85 319
108 320
61 321
242 322
214 323
112 324
88 325
114 326
76 327
133 328
111 329
189 330
156 331
286 332
45 333
304 334
116 335
29 336
290 337
121 338
53 339
286 340
36 341
82 342
236 343
2 344
320 345
244 346
318 347
319 348
307 349
314 350
17 351
49 352
40 353
82 354
191 355
70 356
119 357
283 358
241 359
254 360
124 361
272 362
27 363
53 364
49 365
44 366
160 367
136 368
142 369
83 370
36 371
289 372
123 373
108 374
5 375
330 376
276 377
188 378
259 379
269 380
173 381
306 382
278 383
31 384
215 385
120 386
105 387
338 388
67 389
296 390
351 391
277 392
97 393
62 394
386 395
33 396
354 397
324 398
100 399
163 400
202 401
372 402
199 403
299 404
96 405
280 406
83 407
362 408
76 409
41 410
364 411
382 412
60 413
187 414
38 415
280 416
51 417
220 418
386 419
124 420
354 421
417 422
348 423
310 424
96 425
63 426
425 427
188 428
201 429
34 430
320 431
385 432
115 433
252 434
337 435
427 174
256 160
1 435
339 54
289 237
214 341
16 131
354 386
166 435
377 306
267 87
157 301
410 243
319 72
349 299
278 243
374 121
250 17
403 300
58 127
314 112
392 44
31 228
415 58
270 118
338 400
22 104
60 361
35 58
363 364
304 274
416 240
7 97
141 420
402 278
328 304
352 44
6 64
379 171
362 24
417 342
390 133
178 80
14 152
355 283
369 337
305 188
426 204
230 190
264 217
426 151
350 250
316 161
58 108
332 21
88 28
337 197
161 214
55 366
416 107
368 330
203 126
333 41
202 229
173 145
310 47
274 52
409 50
110 320
151 297
203 394
23 245
6 258
102 370
41 360
320 133
340 227
434 193
142 435
362 361
233 354
24 221
380 262
198 415
368 424
187 386
304 324
35 107
167 197
293 62
69 372
18 344
421 92
397 262
28 332
315 13
183 91
358 348
385 22
209 90
377 333
376 29
181 391
89 230
203 169
45 239
214 239
68 110
109 167
3 140
64 93
114 230
412 207
127 158
216 66
39 70
372 199
309 393
330 355
397 233
407 345
124 160
314 63
277 431
12 154
152 47
271 421
132 28
139 399
85 350
19 255
130 245
246 161
186 55
340 14
174 245
117 250
48 144
389 166
342 94
155 361
412 189
117 205
208 399
403 309
117 175
73 230
246 68
381 187
55 354
117 51
262 81
243 304
282 280
422 176
180 403
171 351
199 238
315 152
111 167
116 24
135 39
111 243
122 11
107 183
169 242
3 413
95 354
402 155
42 294
1 277
217 370
14 145
267 68
8 347
290 185
405 288
95 248
353 127
200 237
401 384
246 331
76 239
127 10
239 335
370 340
409 107
183 227
375 293
166 95
367 20
290 66
71 336
283 157
268 300
238 129
301 41
59 380
252 373
66 313
345 123
308 179
234 213
162 385
269 179
232 348
88 223
397 137
8 363
243 417
184 207
49 421
210 182
118 85
102 225
367 354
320 205
257 165
59 97
348 433
34 54
420 177
308 108
360 348
306 332
196 212
191 269
107 46
38 434
358 57
406 391
258 121
20 178
189 317
165 314
432 231
62 292
140 403
238 204
262 365
214 264
378 81
280 166
69 186
330 68
323 6
243 163
104 275
217 112
416 303
190 332
33 102
187 234
215 399
135 155
402 178
82 367
434 274
429 258
284 65
292 187
314 264
404 347
232 349
424 19
117 283
389 400
21 350
288 163
253 13
137 294
400 289
34 229
256 66
62 283
190 61
343 286
306 432
127 59
130 391
80 292
257 235
389 355
235 91
279 340
70 291
117 330
272 182
151 359
329 152
168 232
140 42
256 140
126 410
432 309
314 192
257 27
427 265
324 101
71 145
138 68
227 410
252 207
157 422
285 32
237 164
106 235
405 131
8 259
369 255
390 55
136 37
34 81
66 52
110 230
122 317
289 171
428 12
350 43
9 147
114 94
372 189
391 222
326 197
9 344
224 425
304 245
88 247
409 432
198 249
304 81
270 239
61 406
306 304
352 323
192 142
402 89
223 120
67 347
296 300
277 257
252 303
164 413
104 410
88 305
291 76
112 326
292 343
71 132
46 266
170 120
50 430
425 336
94 271
291 258
339 332
350 126
406 404
110 266
230 219
81 22
119 230
50 140
403 380
222 33
104 399
179 22
193 317
435 28
230 267
178 99
210 279
86 299
350 144
302 348
408 117
152 171
4 370
170 82
402 96
331 216
341 18
182 175
66 387
143 309
18 144
267 158
213 60
293 390
297 81
12 258
65 177
295 380
286 316
94 151
279 40
270 220
269 67
171 15
22 212
251 35
156 337
88 398
71 251
347 50
338 166
165 235
158 411
283 366
3 61
33 354
15 423
275 322
348 57
51 312
79 432
120 92
208 211
314 111
421 95
292 296
51 261
433 173
146 236
126 384
130 3
173 51
372 9
318 385
80 385
216 94
75 349
419 244
408 363
113 12
267 196
67 146
270 71
350 424
39 341
129 272
57 352
152 296
97 145
61 365
47 58 43
1 2
2 3
3 4
1 5
1 6
3 7
6 8
5 9
2 10
7 11
6 12
2 13
6 14
6 15
1 16
11 17
12 18
3 19
8 20
18 21
12 22
9 23
1 24
21 25
2 26
10 27
9 28
23 29
23 30
14 31
24 32
11 33
23 34
29 35
27 36
12 37
32 38
25 39
25 40
12 41
15 42
1 43
34 44
21 45
39 46
26 47
33 43
7 34
9 43
15 13
26 31
41 15
33 31
2 37
35 25
19 9
26 13
7 42
19 17
41 10
44 11
36 17
26 44
18 30
17 47
6 46
47 18
20 36
38 37
31 11
39 13
35 38
45 20
37 32
16 38
46 41
33 40
22 42
15 45
15 17
33 39
38 35
18 38
20 5
11 25
2 16
41 10
37 16
36 38
20 28
11 27
36 15
16 18
36 28
24 44
2 47
21 16
35 27
45 7
17 4
24 37
15 36 11
1 2
2 3
3 4
3 5
3 6
6 7
2 8
6 9
9 10
9 11
2 12
8 13
11 14
11 15
14 9
6 1
15 12
8 4
8 6
9 15
9 12
3 11
10 1
13 1
10 8
10 3
13 12
11 12
8 3
4 12
14 13
3 1
15 1
4 6
10 2
8 11
7 11
7 10
5 11
9 7
15 7
5 11
5 2
9 5
5 8
7 11
7 9
138 151 129
1 2
1 3
1 4
3 5
2 6
3 7
7 8
6 9
8 10
5 11
8 12
5 13
13 14
4 15
6 16
16 17
15 18
15 19
4 20
5 21
9 22
9 23
12 24
24 25
18 26
9 27
10 28
9 29
21 30
27 31
10 32
11 33
18 34
16 35
35 36
34 37
6 38
16 39
17 40
7 41
31 42
12 43
24 44
25 45
22 46
14 47
7 48
34 49
3 50
35 51
45 52
49 53
38 54
47 55
7 56
25 57
55 58
38 59
18 60
4 61
34 62
50 63
62 64
62 65
33 66
54 67
25 68
2 69
55 70
11 71
18 72
59 73
49 74
39 75
62 76
20 77
25 78
16 79
73 80
3 81
56 82
60 83
29 84
52 85
56 86
60 87
76 88
62 89
83 90
15 91
89 92
85 93
74 94
81 95
25 96
6 97
4 98
21 99
73 100
36 101
68 102
11 103
12 104
84 105
52 106
84 107
75 108
90 109
81 110
37 111
84 112
33 113
31 114
104 115
32 116
77 117
55 118
16 119
81 120
33 121
27 122
75 123
5 124
67 125
123 126
32 127
60 128
77 129
48 130
97 131
80 132
103 133
130 134
108 135
63 136
115 137
34 138
83 20
42 2
100 37
121 17
98 77
133 65
11 88
96 82
100 27
132 16
5 105
110 25
121 32
71 94
62 135
46 124
96 45
57 110
26 54
98 129
110 93
44 105
58 78
49 36
31 69
84 58
90 53
56 46
107 26
69 90
82 43
69 31
129 52
133 39
95 50
69 51
26 94
130 72
99 67
87 81
58 76
85 53
89 59
14 87
14 90
110 61
115 65
29 127
40 108
92 69
89 10
73 109
91 121
6 23
35 32
21 56
86 131
40 38
21 71
122 99
109 15
52 88
68 116
5 53
78 11
16 52
49 99
21 14
106 112
14 20
125 13
57 92
90 61
134 37
48 84
105 39
47 122
36 50
111 23
104 113
125 41
101 92
58 50
37 87
89 73
77 46
30 91
30 43
129 50
20 22
104 58
73 129
50 16
102 124
3 64
2 26
133 123
92 57
29 112
123 80
131 85
56 113
53 23
43 58
59 87
22 99
112 124
131 117
86 44
126 13
88 99
66 27
41 79
128 15
120 33
27 58
26 39
72 58
7 111
137 126
84 119
79 89
131 88
58 88
62 98
129 104
57 101
112 106
102 138
52 81
115 28
97 114
4 69
43 99
13 10
16 78
59 97
47 50
131 50
68 66
6 106
18 78
126 19
161 177 153
1 2
2 3
1 4
4 5
1 6
2 7
3 8
5 9
9 10
10 11
4 12
11 13
6 14
6 15
13 16
3 17
17 18
1 19
5 20
9 21
7 22
19 23
7 24
9 25
25 26
8 27
20 28
13 29
25 30
2 31
7 32
1 33
19 34
3 35
4 36
10 37
13 38
22 39
15 40
30 41
20 42
3 43
35 44
22 45
44 46
2 47
42 48
42 49
18 50
40 51
44 52
36 53
10 54
29 55
33 56
56 57
35 58
34 59
46 60
59 61
51 62
33 63
51 64
8 65
34 66
26 67
62 68
46 69
67 70
47 71
26 72
13 73
59 74
59 75
50 76
49 77
3 78
43 79
1 80
3 81
66 82
48 83
80 84
21 85
28 86
32 87
73 88
9 89
35 90
56 91
31 92
67 93
48 94
7 95
15 96
38 97
75 98
32 99
38 100
23 101
90 102
37 103
20 104
52 105
74 106
81 107
19 108
18 109
55 110
2 111
47 112
42 113
41 114
44 115
102 116
104 117
57 118
46 119
25 120
32 121
24 122
90 123
25 124
24 125
7 126
23 127
123 128
94 129
94 130
57 131
17 132
94 133
104 134
71 135
109 136
113 137
27 138
66 139
105 140
86 141
35 142
10 143
7 144
71 145
76 146
33 147
145 148
29 149
39 150
100 151
9 152
134 153
13 154
79 155
9 156
18 157
139 158
106 159
104 160
85 161
12 85
158 2
53 84
59 89
71 97
49 118
11 21
121 21
83 155
50 81
73 60
154 153
132 31
67 19
12 130
157 35
115 136
109 103
159 49
54 51
156 126
73 68
91 48
47 128
131 40
138 58
36 137
126 36
24 111
49 23
83 132
64 7
8 86
150 154
61 126
89 72
28 132
55 121
151 52
113 70
95 13
127 93
141 10
120 53
81 150
67 105
123 39
48 51
96 150
138 37
138 99
55 141
125 119
120 127
77 2
8 7
146 42
46 160
72 80
86 127
35 141
28 7
95 29
63 40
145 32
95 64
69 6
70 17
39 133
37 80
37 58
43 30
97 128
26 116
75 136
71 28
136 77
129 70
67 126
114 34
82 149
6 97
76 41
14 159
133 93
149 76
114 13
149 93
116 126
121 100
106 116
103 119
125 143
61 80
134 126
146 143
153 135
50 108
135 121
9 149
27 55
72 44
7 102
54 93
21 69
130 133
99 28
58 160
44 102
156 84
51 137
121 160
133 159
99 105
45 68
111 103
122 148
111 52
33 122
16 141
73 11
147 84
45 10
8 36
104 51
35 129
42 27
65 66
40 72
10 150
96 74
89 159
99 6
133 64
57 114
47 103
133 96
19 55
63 116
147 8
142 123
58 72
152 139
128 126
35 61
127 20
138 46
29 105
124 27
119 147
131 58
26 62
140 66
146 9
11 150
35 114
41 96
4 74
117 15
127 14
57 111
25 103
131 48
68 80
27 20
125 104
159 112
42 72
119 10
14 29
8 27 8
1 2
1 3
1 4
3 5
2 6
5 7
7 8
7 1
8 2
4 5
3 8
5 6
7 4
3 6
8 1
6 1
3 7
8 5
3 4
3 2
2 4
5 1
6 8
4 8
5 2
6 4
6 7
2 7
7 2
7 2
2 7
2 7
2 7
2 7
7 2
163 178 162
1 2
2 3
3 4
3 5
1 6
5 7
3 8
1 9
9 10
6 11
4 12
3 13
1 14
13 15
5 16
4 17
7 18
13 19
3 20
5 21
4 22
20 23
16 24
14 25
20 26
14 27
14 28
24 29
25 30
9 31
3 32
8 33
13 34
2 35
23 36
22 37
20 38
4 39
14 40
33 41
28 42
35 43
12 44
9 45
1 46
11 47
11 48
39 49
1 50
50 51
21 52
36 53
29 54
42 55
12 56
22 57
29 58
11 59
28 60
12 61
59 62
17 63
12 64
29 65
18 66
52 67
33 68
29 69
27 70
18 71
29 72
47 73
57 74
34 75
56 76
6 77
32 78
13 79
53 80
70 81
57 82
73 83
63 84
50 85
15 86
48 87
87 88
8 89
51 90
36 91
60 92
81 93
69 94
82 95
57 96
45 97
88 98
3 99
41 100
72 101
14 102
59 103
41 104
97 105
79 106
53 107
81 108
77 109
57 110
50 111
55 112
75 113
94 114
39 115
115 116
17 117
67 118
111 119
105 120
11 121
65 122
11 123
56 124
116 125
60 126
39 127
44 128
115 129
48 130
108 131
53 132
129 133
99 134
89 135
86 136
39 137
39 138
89 139
117 140
139 141
10 142
51 143
136 144
130 145
112 146
47 147
102 148
4 149
10 150
57 151
88 152
44 153
116 154
40 155
39 156
137 157
120 158
28 159
79 160
92 161
113 162
161 163
126 129
130 89
31 127
38 37
127 156
7 145
93 12
143 81
144 101
58 143
23 55
99 42
3 134
152 67
37 142
128 116
126 137
135 51
22 66
82 79
140 44
49 103
78 119
67 110
125 144
59 86
77 18
35 77
89 36
125 103
21 110
20 124
59 162
141 86
69 87
7 159
152 109
32 12
95 27
92 24
125 28
60 104
151 130
154 140
85 157
85 28
68 1
68 150
1 114
21 91
71 135
121 61
127 53
18 25
109 46
122 95
138 94
74 71
53 64
138 106
83 70
112 145
154 109
78 115
8 154
45 22
100 57
60 148
18 54
1 30
59 106
131 12
159 51
3 47
149 45
155 62
30 78
153 129
23 135
67 71
66 77
14 158
90 53
127 74
124 29
140 3
4 91
53 7
118 119
71 72
101 19
132 56
119 57
42 120
55 107
4 98
83 74
54 33
7 109
161 80
58 14
160 66
150 43
80 67
103 76
25 143
119 102
85 34
62 102
51 32
94 145
159 120
72 63
111 16
106 84
40 134
17 97
156 124
19 129
163 110
158 67
113 148
148 69
13 21
143 97
75 19
82 149
84 154
92 56
18 28
97 86
131 150
125 124
39 62
1 73
40 4
22 73
121 114
78 126
76 118
48 45
47 2
7 45
43 78
110 154
59 75
1 26
21 17
146 4
161 59
29 157
98 7
93 46
11 148
34 122
47 124
49 2
62 113
42 121
132 121
10 105
29 35
62 42
119 123
120 143
92 130
89 103
139 62
48 118
32 108
40 19
56 47
12 157
128 108
139 8
50 62
87 30
154 71
37 57 34
1 2
1 3
2 4
3 5
2 6
2 7
1 8
1 9
6 10
2 11
1 12
5 13
4 14
10 15
12 16
7 17
7 18
5 19
2 20
13 21
9 22
14 23
16 24
6 25
1 26
17 27
14 28
14 29
25 30
25 31
20 32
27 33
16 34
10 35
22 36
19 37
32 10
32 18
6 28
16 1
12 4
30 19
29 28
35 1
26 22
32 8
15 4
16 21
33 24
11 27
5 7
18 27
7 26
16 29
15 33
18 33
15 37
23 2
19 23
23 32
23 3
36 30
31 5
31 29
36 3
8 36
36 35
33 31
34 30
18 9
7 23
34 28
35 31
36 8
31 3
36 15
26 31
32 34
8 34
20 23
10 4
30 36
34 35
14 34
36 27
35 34
36 14
23 25
7 23
17 34
31 22
47 61 44
1 2
2 3
2 4
1 5
4 6
3 7
1 8
7 9
9 10
9 11
3 12
5 13
7 14
3 15
1 16
1 17
13 18
4 19
6 20
1 21
20 22
8 23
22 24
14 25
19 26
9 27
15 28
13 29
21 30
22 31
3 32
4 33
4 34
7 35
18 36
27 37
19 38
15 39
17 40
30 41
40 42
19 43
40 44
13 45
38 46
20 47
42 30
6 12
39 44
35 18
14 46
34 27
12 23
18 24
12 13
8 39
6 47
22 29
14 11
44 42
2 25
7 32
38 33
33 11
10 21
20 43
37 42
37 38
36 17
16 19
36 13
32 43
41 1
23 26
41 19
30 10
26 41
29 2
15 18
43 8
22 41
42 32
4 41
26 1
44 28
5 45
41 19
33 47
6 41
20 37
31 28
4 37
32 43
27 33
36 14
37 20
30 5
5 10
45 30
10 14
19 37
16 26
40 43
2 10
10 8
13 39 13
1 2
1 3
2 4
3 5
2 6
4 7
3 8
3 9
9 10
7 11
7 12
5 13
7 1
12 13
8 6
2 13
2 7
8 1
9 5
6 12
2 12
4 1
13 1
5 6
12 8
10 4
5 1
3 12
12 4
8 7
4 5
1 12
11 13
10 6
3 6
5 12
9 7
9 8
11 6
13 3
2 11
11 9
6 13
8 2
4 11
8 10
11 8
6 1
1 11
1 9
7 10
1 11
6 14 2
1 2
2 3
2 4
4 5
1 6
2 5
3 5
1 5
6 2
4 3
3 1
5 6
4 1
4 6
3 6
3 6
47 61 44
1 2
2 3
1 4
2 5
5 6
4 7
2 8
4 9
7 10
10 11
4 12
5 13
6 14
14 15
11 16
4 17
9 18
12 19
4 20
20 21
19 22
10 23
13 24
16 25
12 26
17 27
10 28
23 29
26 30
10 31
6 32
2 33
28 34
15 35
9 36
4 37
18 38
12 39
36 40
15 41
17 42
11 43
18 44
25 45
9 46
16 47
36 11
45 4
32 43
22 4
24 10
22 40
31 14
24 38
28 40
30 22
27 30
43 23
6 37
9 28
30 38
42 12
37 29
35 46
29 21
29 26
21 6
41 29
19 15
42 4
42 20
47 39
44 30
44 21
39 35
34 25
12 33
39 3
13 47
38 44
10 34
44 11
26 3
10 9
15 25
21 45
20 3
33 25
33 27
34 10
23 12
45 17
1 47
9 47
42 2
8 14
21 17
5 20
3 14
46 34
24 39
23 34
23 44
8 43
15 17
32 41 31
1 2
2 3
3 4
1 5
4 6
3 7
2 8
5 9
5 10
8 11
6 12
10 13
12 14
11 15
1 16
8 17
15 18
12 19
1 20
15 21
13 22
11 23
9 24
6 25
25 26
18 27
4 28
2 29
21 30
19 31
28 32
23 8
9 11
28 21
19 2
31 11
2 18
8 4
12 11
15 20
21 18
25 13
4 10
10 12
30 5
16 19
13 14
15 32
12 22
32 3
2 30
18 30
17 14
26 29
16 4
5 14
20 32
32 23
22 20
29 26
1 22
19 25
32 29
16 14
30 9
32 18
14 20
7 31
16 27
10 8
20 30
13 21
6 14 5
1 2
1 3
3 4
2 5
4 6
5 6
3 2
6 3
6 2
1 6
1 4
5 4
5 3
4 2
5 1
1 5
1 5
1 5
1 5
4 5 1
1 2
2 3
2 4
1 4
1 3
3 4
14 42 9
1 2
2 3
3 4
4 5
5 6
1 7
3 8
8 9
6 10
8 11
6 12
6 13
1 14
4 7
10 12
9 10
12 5
2 14
12 1
13 10
8 13
10 5
7 2
2 12
4 14
6 9
11 1
10 7
2 10
7 3
7 8
8 14
2 11
1 6
10 1
13 9
2 4
7 5
1 5
3 1
5 2
9 11
2 9
2 6
13 5
13 12
5 3
3 9
3 12
7 6
6 14
