1000 2000
347 86001
235 38002
205 86003
441 66004
47 70005
175 82006
557 82007
367 75008
634 13009
514 25010
43 92011
947 94012
316 47013
708 88014
777 11015
925 60016
733 34017
772 53018
419 5019
253 49020
155 41021
889 2022
896 59023
378 8024
628 77025
768 12026
517 34027
518 43028
770 62029
324 5030
421 85031
843 27032
590 10033
441 8034
704 98035
707 91036
336 25037
403 61038
400 93039
832 94040
867 86041
799 11042
311 49043
483 100044
628 72045
686 31046
820 96047
69 90048
687 101049
946 51050
486 36051
688 56052
439 14053
396 31054
761 61055
235 26056
714 3057
889 71058
751 7059
794 61060
63 74061
244 18062
931 43063
928 71064
864 23065
844 39066
825 70067
436 17068
506 48069
402 51070
678 99071
885 71072
523 9073
653 14074
467 25075
219 52076
259 65077
558 70078
775 10079
552 86080
420 79081
662 59082
124 75083
499 48084
222 33085
214 12086
533 50087
649 78088
626 53089
625 46090
397 64091
785 37092
842 28093
558 94094
661 79095
482 97096
763 73097
59 88098
899 28099
373 26100
7 50101
817 98102
560 42103
589 95104
281 87105
790 35106
66 32107
766 9108
929 88109
403 44110
406 97111
495 62112
43 14113
602 31114
789 36115
614 85116
842 25117
43 58118
118 49119
61 32120
331 67121
860 10122
580 101123
738 90124
189 31125
940 13126
214 54127
996 30128
112 62129
783 25130
894 45131
525 36132
187 37133
285 83134
83 9135
579 47136
315 73137
203 96138
785 99139
668 11140
898 31141
219 71142
226 11143
8 62144
325 21145
734 19146
209 100147
815 70148
782 26149
418 53150
704 19151
151 44152
619 9153
601 42154
639 35155
388 53156
460 5157
437 101158
224 22159
807 22160
557 46161
518 51162
573 47163
170 46164
596 97165
124 66166
705 3167
102 4168
673 41169
181 33170
230 96171
65 42172
262 37173
310 61174
103 80175
598 79176
467 48177
160 92178
13 15179
880 67180
927 61181
211 58182
736 85183
740 96184
595 6185
763 75186
484 4187
9 67188
366 26189
34 53190
149 81191
2 47192
623 21193
426 81194
339 61195
530 46196
368 54197
498 18198
394 26199
245 77200
375 98201
825 35202
822 62203
904 9204
405 10205
138 35206
368 85207
1000 73208
808 71209
251 75210
680 93211
440 62212
290 95213
415 73214
542 84215
432 21216
215 100217
584 97218
111 40219
262 69220
90 38221
365 44222
854 77223
464 37224
396 25225
172 95226
690 33227
455 62228
900 49229
624 4230
922 4231
973 42232
932 32233
763 19234
939 19235
957 81236
849 77237
794 42238
90 22239
999 66240
912 72241
880 35242
425 83243
884 63244
678 70245
931 52246
819 78247
468 26248
378 96249
508 24250
828 77251
112 18252
975 10253
422 59254
965 21255
993 44256
584 63257
621 5258
162 35259
197 53260
564 94261
45 83262
170 39263
300 76264
630 29265
242 74266
563 62267
806 59268
319 37269
607 79270
950 76271
906 42272
385 61273
185 81274
362 50275
886 73276
305 70277
721 19278
385 65279
761 4280
804 49281
294 65282
414 92283
74 3284
92 88285
368 49286
54 13287
333 85288
587 46289
447 49290
666 58291
453 69292
946 72293
41 45294
599 93295
71 98296
174 101297
617 18298
848 85299
173 36300
578 38301
143 52302
462 67303
37 101304
393 55305
302 27306
887 33307
627 62308
749 91309
924 42310
978 40311
357 50312
330 2313
842 45314
394 21315
981 2316
450 14317
930 29318
367 72319
657 24320
75 34321
648 62322
442 30323
720 100324
917 6325
942 62326
140 99327
862 100328
344 61329
756 30330
306 41331
864 72332
79 66333
775 7334
74 14335
364 5336
398 23337
95 90338
685 54339
954 86340
206 81341
58 49342
482 41343
637 65344
12 64345
767 85346
170 79347
671 56348
821 31349
967 2350
668 24351
470 2352
183 51353
16 32354
957 28355
67 46356
695 28357
505 14358
247 91359
527 89360
227 67361
77 31362
362 53363
348 87364
584 72365
636 82366
266 65367
703 21368
482 5369
804 83370
562 96371
769 49372
761 9373
2 76374
972 89375
747 24376
413 77377
778 63378
909 97379
109 19380
273 30381
193 93382
675 87383
508 60384
298 45385
754 36386
102 58387
350 40388
548 84389
125 50390
275 43391
11 14392
138 61393
382 48394
253 20395
100 84396
175 85397
819 67398
870 95399
872 31400
965 100401
893 17402
481 81403
975 38404
242 83405
835 66406
404 90407
38 77408
825 42409
576 86410
799 55411
954 62412
50 25413
914 26414
278 98415
744 52416
389 47417
52 16418
572 21419
152 8420
925 80421
9 88422
967 58423
950 95424
901 3425
560 48426
229 94427
598 59428
335 57429
811 30430
38 74431
96 54432
538 86433
206 78434
929 95435
655 23436
920 62437
853 8438
546 96439
48 29440
671 84441
112 53442
364 61443
318 17444
652 13445
151 86446
178 6447
253 61448
702 35449
137 58450
866 69451
397 23452
367 61453
244 42454
773 66455
452 47456
651 79457
417 15458
109 54459
170 86460
758 55461
67 53462
667 38463
984 98464
8 89465
686 45466
997 4467
675 22468
631 81469
51 61470
947 16471
744 62472
755 12473
729 58474
342 22475
402 86476
684 12477
214 3478
879 85479
823 41480
175 52481
77 69482
630 23483
111 22484
800 86485
661 81486
584 66487
208 38488
414 42489
134 71490
458 89491
252 41492
317 99493
565 8494
877 32495
645 21496
247 100497
155 80498
227 9499
789 7500
514 75501
688 25502
120 39503
403 68504
248 29505
775 82506
68 84507
533 8508
453 50509
677 75510
387 18511
17 13512
691 71513
736 67514
35 28515
918 89516
742 59517
143 91518
609 77519
1 57520
322 94521
640 69522
465 66523
19 48524
689 13525
79 91526
393 14527
626 10528
807 26529
450 77530
357 46531
527 27532
395 6533
983 8534
726 12535
509 65536
357 28537
645 82538
449 38539
779 34540
450 77541
391 46542
883 96543
612 18544
938 59545
675 62546
160 17547
681 38548
837 8549
301 62550
824 25551
976 9552
484 56553
644 75554
983 4555
705 80556
103 94557
150 50558
685 3559
884 64560
905 81561
737 34562
752 48563
200 4564
657 94565
387 98566
504 101567
973 97568
14 58569
357 75570
303 78571
30 86572
705 93573
826 26574
1 82575
746 17576
495 99577
690 20578
760 21579
469 11580
977 96581
509 86582
995 44583
878 20584
516 46585
359 50586
839 67587
562 46588
660 27589
969 9590
137 90591
849 14592
120 36593
765 75594
934 49595
654 21596
578 86597
894 86598
506 60599
584 2600
967 8601
805 2602
864 64603
814 51604
245 48605
209 100606
142 56607
531 54608
531 33609
755 72610
445 43611
589 73612
640 3613
764 20614
386 3615
3 38616
570 31617
760 15618
553 87619
257 22620
737 55621
637 90622
952 38623
389 30624
950 42625
480 100626
744 72627
729 57628
360 55629
397 58630
275 56631
567 83632
882 84633
4 30634
645 22635
394 80636
983 12637
591 3638
804 35639
906 72640
134 101641
816 18642
685 47643
549 8644
479 13645
988 74646
618 13647
686 101648
383 48649
861 34650
334 32651
515 66652
396 49653
831 96654
886 78655
23 76656
158 93657
420 94658
800 55659
533 18660
649 76661
61 47662
333 17663
659 20664
304 70665
223 39666
953 55667
822 61668
240 94669
294 86670
579 81671
788 7672
311 36673
88 10674
706 72675
260 59676
235 43677
110 40678
512 28679
444 57680
497 3681
593 38682
543 74683
371 57684
855 74685
824 36686
709 101687
999 12688
747 72689
633 84690
28 17691
305 87692
651 90693
881 22694
16 8695
763 3696
524 70697
126 88698
308 74699
18 62700
983 89701
665 66702
830 97703
527 22704
727 47705
196 86706
814 7707
432 35708
99 21709
716 97710
629 45711
204 76712
896 87713
577 6714
376 65715
307 67716
663 10717
930 29718
935 86719
774 13720
451 21721
202 97722
170 24723
557 6724
961 91725
749 21726
778 55727
569 84728
746 45729
639 91730
707 13731
15 72732
980 63733
983 7734
217 44735
887 87736
222 59737
788 15738
409 100739
814 28740
316 68741
898 34742
721 9743
302 3744
91 38745
722 92746
544 17747
364 8748
234 97749
569 21750
112 80751
297 79752
867 43753
459 55754
166 93755
822 61756
478 82757
149 60758
29 94759
970 23760
204 69761
556 96762
511 6763
495 83764
977 38765
900 63766
653 44767
307 92768
596 83769
291 101770
17 64771
468 2772
881 45773
6 25774
689 61775
23 48776
724 56777
426 39778
373 25779
756 47780
15 58781
953 2782
668 85783
601 33784
338 88785
946 9786
573 70787
161 70788
710 48789
164 97790
279 4791
832 76792
516 32793
662 2794
267 5795
759 80796
485 8797
701 88798
876 91799
543 19800
448 68801
722 50802
582 24803
422 55804
901 26805
34 93806
635 94807
997 34808
132 17809
867 34810
389 23811
707 24812
949 49813
147 83814
123 62815
698 34816
711 75817
624 81818
145 57819
802 95820
510 28821
393 55822
611 94823
502 70824
44 57825
838 100826
449 42827
164 39828
741 94829
59 23830
998 54831
893 15832
239 23833
743 80834
531 35835
199 30836
390 87837
98 29838
902 63839
736 86840
174 41841
60 17842
935 58843
619 17844
868 52845
520 13846
503 28847
912 88848
647 54849
380 84850
656 12851
608 80852
718 8853
822 83854
925 92855
751 57856
272 46857
445 57858
421 20859
263 98860
542 15861
302 99862
171 12863
800 89864
881 19865
210 26866
387 84867
132 87868
766 4869
210 8870
623 77871
228 85872
299 81873
733 59874
119 81875
424 28876
914 55877
890 16878
965 59879
936 39880
376 3881
483 9882
583 52883
258 32884
890 72885
692 56886
554 39887
484 53888
542 42889
139 70890
416 66891
19 97892
134 55893
480 96894
897 86895
494 99896
341 64897
233 80898
157 80899
957 81900
692 79901
234 98902
571 33903
239 87904
30 50905
798 43906
153 55907
232 17908
669 8909
739 52910
389 56911
505 47912
925 51913
235 45914
64 37915
439 24916
385 97917
980 86918
292 57919
397 34920
970 55921
751 72922
392 58923
887 23924
575 63925
162 69926
70 31927
655 83928
801 17929
480 31930
208 41931
316 32932
132 56933
85 77934
610 31935
554 32936
167 93937
458 33938
505 70939
356 101940
547 21941
312 16942
969 68943
130 62944
346 57945
581 25946
488 19947
330 6948
391 17949
718 32950
317 85951
435 53952
231 98953
574 13954
540 25955
892 13956
387 14957
891 45958
248 7959
827 13960
977 74961
205 44962
226 23963
354 83964
494 77965
203 95966
252 60967
168 34968
216 65969
938 87970
780 99971
370 49972
189 66973
609 35974
919 24975
36 96976
946 12977
334 67978
575 95979
603 7980
847 80981
355 80982
394 13983
46 82984
798 58985
979 46986
722 62987
754 62988
453 46989
185 4990
972 88991
242 94992
732 26993
77 24994
430 76995
584 95996
978 10997
582 89998
606 30999
999 2000
