100
1 1 50
1 50 1
50 1 1
1 25 50
25 50 1
50 1 25
25 26 26
26 26 25
26 25 26
10 15 16
15 16 10
16 10 15
49 38 45
18 3 39
4 50 17
17 25 16
11 15 1
23 13 18
50 48 35
28 34 37
8 5 41
47 20 32
30 5 29
11 40 10
45 32 46
35 26 20
44 18 16
3 20 29
3 32 44
22 15 45
22 40 2
9 42 6
30 34 14
24 21 38
33 28 47
10 35 31
7 30 2
30 19 25
24 26 32
40 12 34
8 25 12
30 35 29
45 28 21
5 42 24
39 41 37
30 24 13
3 47 17
24 8 19
41 45 46
9 45 39
1 21 7
14 32 46
17 27 40
33 18 1
47 47 45
33 44 14
45 42 21
50 11 34
46 50 50
18 14 18
14 35 1
6 44 18
50 20 29
44 8 36
11 1 23
4 19 5
43 11 5
31 20 19
31 20 13
32 6 15
49 32 1
31 12 7
7 2 31
7 17 3
36 36 37
19 28 38
42 31 41
16 30 37
49 23 30
49 40 20
38 44 11
37 12 18
43 38 23
27 43 16
15 12 12
9 35 27
33 27 42
27 8 41
25 21 7
32 25 43
41 41 40
10 46 33
43 23 36
18 12 5
31 12 39
8 37 41
27 21 15
27 42 19
46 18 34
29 9 10
