1000 5000 8 1 1000
823 18 389
59 666 53
193 447 2279
20 356 1565
139 171 853
952 312 1844
898 528 4252
340 921 1168
492 773 121
572 785 2685
404 793 2883
557 808 3378
347 556 4647
767 445 3725
819 577 3566
190 118 516
90 978 1505
428 601 2546
763 443 1202
695 605 113
153 460 4371
973 422 1977
853 3 774
746 119 1935
661 722 4534
609 763 4634
204 954 3471
487 742 645
370 435 2044
937 22 2450
896 102 2486
399 259 1822
959 376 4732
199 200 4976
674 182 814
931 237 718
451 463 2263
769 440 538
529 918 1240
694 659 2547
223 716 1524
917 314 3576
203 822 249
529 5 2710
731 964 4880
69 256 1721
711 903 1197
934 415 1722
444 50 3601
388 970 3077
82 657 2773
550 599 3875
477 430 2613
474 897 3427
119 383 1478
263 505 1107
804 674 3165
501 882 2133
820 60 3091
857 352 378
792 399 4679
746 264 2065
658 867 3357
232 863 1844
745 48 643
939 633 4489
588 905 3665
56 927 4256
160 749 4837
360 918 4774
524 78 91
612 163 478
521 747 1053
259 652 3320
834 716 1561
47 266 1809
165 627 2675
790 207 2417
909 87 4001
71 868 2918
155 832 2982
320 489 2963
142 614 4527
838 24 3755
369 397 3141
201 271 2296
257 762 657
723 44 3651
31 687 910
787 685 1449
743 589 2197
513 942 2881
925 302 1031
170 426 1025
162 236 4061
999 906 2364
501 651 3547
277 933 427
944 864 3128
545 316 1323
34 301 2103
253 129 1512
275 641 2412
308 448 2417
594 747 948
990 823 4726
447 133 266
416 183 1939
898 217 127
596 954 4654
701 304 954
945 20 4048
201 741 4439
887 744 30
47 652 1800
822 215 4944
831 10 2893
387 583 3343
28 971 4767
407 848 3808
590 824 4690
441 357 2231
837 131 356
560 8 4084
24 42 1917
963 972 121
680 898 2037
419 572 4798
322 400 371
775 300 4371
869 947 347
382 27 927
769 605 4404
457 467 3314
679 800 1204
289 186 461
500 660 1650
598 474 4282
316 599 2589
307 852 3156
570 623 3380
22 697 104
880 522 728
349 535 2464
332 25 4268
777 477 1315
717 746 474
439 316 3657
485 597 3925
974 880 4160
695 796 4424
970 150 1528
40 214 3464
929 81 1110
783 152 2681
702 478 402
114 729 4344
979 605 4674
757 102 4422
125 470 2434
386 112 1779
15 326 3820
611 986 3705
384 420 4261
989 832 2740
546 170 569
831 233 2468
969 169 1344
838 797 102
827 254 995
528 516 4763
457 338 4308
980 413 2003
475 715 1038
204 733 3923
827 661 158
381 531 269
935 129 3076
497 512 4739
152 439 4904
188 701 2875
12 523 3476
722 580 2171
589 765 332
255 280 2696
738 899 3935
380 59 2596
242 553 2579
843 923 2672
716 878 1140
136 814 3048
501 559 969
179 898 2172
71 762 3252
75 149 435
199 824 4075
477 668 4927
810 487 4272
867 181 3058
981 6 1444
215 999 4753
141 667 2553
364 995 4634
201 976 2500
394 906 147
309 834 2561
708 185 3066
298 71 1530
724 707 3443
95 836 3017
314 206 4869
794 897 4180
724 83 2041
955 720 1779
381 923 250
887 630 2221
649 119 3283
379 81 233
84 596 4069
781 936 1847
787 937 3614
309 656 502
369 564 1139
378 152 737
734 239 4685
574 594 1363
979 548 3314
74 606 4682
251 946 4974
407 282 3245
356 141 62
940 728 2311
856 777 2250
868 217 3094
151 252 595
708 70 3090
2 103 4316
747 420 4840
389 918 382
507 252 620
281 299 1829
18 126 826
681 29 3374
29 577 773
501 950 3839
437 455 692
377 985 59
937 335 3297
719 51 3160
926 60 4285
399 219 4916
54 68 3230
754 995 4000
606 577 2112
673 670 4383
36 679 2251
858 214 1726
411 196 3299
165 167 659
322 102 347
949 17 936
139 194 4144
441 864 2498
142 951 139
761 868 4049
520 31 3735
409 679 3813
978 197 232
157 219 2206
421 153 1412
753 764 2255
805 581 3876
820 648 1667
488 990 4870
300 283 2150
816 32 2763
694 31 267
960 487 4672
917 647 2695
795 58 4306
969 835 1767
402 964 3515
790 720 193
326 356 2240
175 536 785
255 361 3691
71 174 2627
741 462 127
977 432 1672
264 641 1185
129 166 1873
854 153 4660
676 914 1525
212 873 1458
930 429 772
637 180 2990
10 215 2038
474 703 2047
706 4 4306
842 364 1868
907 455 26
835 27 3109
39 275 1997
65 784 2387
348 701 1238
546 814 2733
926 449 2567
19 85 3718
568 662 1215
670 426 3238
482 347 3414
196 94 1166
518 760 3977
927 81 634
232 603 1571
765 712 949
179 984 3806
152 506 255
555 443 2649
202 173 1926
753 637 4402
300 928 3600
718 810 4131
183 798 1703
695 884 573
476 349 4739
672 638 4990
383 502 4106
690 987 4610
520 983 4812
267 203 2096
501 619 3664
228 458 2943
437 577 1898
759 564 4848
375 247 1879
490 999 2021
22 212 3984
732 879 375
31 64 3766
620 234 1690
118 190 4279
519 550 2703
628 628 4439
728 713 1700
109 627 2035
662 476 2963
298 320 4685
591 981 4721
761 586 4652
86 333 3687
582 603 2078
467 636 3532
479 219 565
596 73 2920
116 117 2115
200 624 1497
954 663 2442
714 314 4950
92 661 4133
970 24 2196
84 320 262
667 52 3288
682 515 611
23 325 174
779 650 2043
90 997 743
734 170 3258
646 617 2000
774 657 2407
480 334 1336
380 801 755
40 52 4053
264 940 2979
212 977 4140
261 427 2092
573 415 587
580 513 2789
831 123 2665
757 565 2568
392 76 3609
258 490 2560
663 492 837
22 664 2425
639 837 1414
553 136 4091
387 501 4809
598 927 4791
77 813 601
542 167 4784
912 841 2380
157 985 2825
331 461 660
540 90 1382
371 807 2298
250 571 3188
125 600 2126
357 639 1178
551 503 1548
894 407 4298
992 761 664
912 389 4929
281 980 2288
121 561 4630
644 635 1319
708 452 657
249 138 2067
708 147 1197
270 185 19
996 580 2721
611 432 3445
39 334 1974
33 112 135
923 114 798
718 55 4965
117 620 1677
405 250 1905
530 697 4864
764 116 1374
637 11 1885
912 580 2075
776 757 348
786 859 3170
186 459 645
562 266 139
826 60 2068
658 61 1317
133 43 3437
295 346 487
771 248 4228
326 499 3285
57 168 2417
320 471 1236
342 271 1535
903 395 2312
679 647 285
714 720 552
458 45 3161
591 34 2221
340 565 1770
651 408 3118
37 829 3102
762 236 2454
336 788 3536
817 303 1849
444 202 3476
491 488 558
441 623 1492
908 408 4828
674 380 556
286 48 3039
536 425 4340
142 269 1929
368 176 1087
897 264 135
538 419 1625
2 9 4504
597 232 431
1000 348 3619
858 923 1117
219 540 369
29 493 4492
872 423 4443
636 780 2974
429 620 676
223 329 352
467 257 407
845 867 1945
224 490 2241
162 585 2477
629 226 4498
971 576 3467
324 67 4507
407 953 4421
397 5 1318
975 285 2212
815 153 889
685 42 2538
423 743 1799
482 946 397
142 986 4816
578 57 3056
865 63 772
271 426 4124
746 671 4594
670 178 3481
308 512 3554
485 15 3277
762 319 1363
372 764 2104
917 309 786
17 244 316
513 373 4237
84 701 3095
148 741 4902
498 692 3200
201 376 4681
738 585 3725
212 192 4511
940 230 2091
543 650 4224
108 246 650
27 297 4025
97 660 584
208 211 2546
603 347 3614
747 852 1043
117 459 683
724 311 2279
615 233 2762
457 562 2033
481 445 4327
105 486 1395
16 834 700
69 339 3316
812 76 4229
787 562 1319
674 825 2377
284 547 2868
285 593 2217
33 967 4828
857 745 3094
586 761 2179
803 470 610
491 22 2442
222 210 1232
850 708 4237
488 703 2201
290 810 3218
633 688 3749
962 463 1942
884 15 1457
735 511 4463
992 981 2563
186 86 4556
967 953 2057
1000 792 4332
375 26 1832
164 530 2646
986 910 3190
936 945 3929
376 921 57
274 946 2068
894 862 1092
878 244 1671
397 205 1039
51 995 3264
28 106 903
792 168 4006
12 262 3223
359 105 1677
639 80 1933
88 15 516
83 191 1930
302 694 3238
240 335 367
623 574 2152
908 202 693
643 603 3953
137 733 2024
201 523 2223
371 982 1201
965 974 2797
964 238 1805
792 442 1038
918 822 926
776 459 73
509 944 1998
244 753 3464
500 5 4443
121 965 455
637 740 4460
771 134 3337
754 24 2097
57 151 4640
88 831 1443
853 661 3180
314 596 842
315 719 984
858 49 4186
987 927 1913
260 409 996
808 178 3277
702 524 4393
975 591 2242
338 46 819
945 438 2179
951 849 1211
78 406 3960
15 174 1638
694 964 251
955 359 1589
213 250 1369
744 738 1073
286 500 484
765 884 1453
402 723 1612
630 881 1819
440 303 3185
634 240 4159
28 943 46
11 693 1032
441 959 4342
494 327 780
477 943 887
939 847 458
726 529 1108
184 567 236
966 737 496
917 125 556
555 910 156
300 411 142
522 959 4416
331 33 4576
868 551 2891
144 94 2902
286 960 3095
934 181 3954
284 264 1066
625 683 790
952 270 273
54 398 3756
675 350 3489
670 972 2224
152 256 4598
496 158 4804
644 531 1187
6 976 1979
644 849 4505
745 45 3619
783 530 3964
702 802 4164
448 505 2383
730 658 4863
836 951 258
46 479 3928
997 419 4313
533 397 1780
937 617 834
285 407 2503
928 71 4165
152 841 382
981 74 2772
490 663 3091
173 905 3241
311 376 138
821 798 3208
781 309 402
925 450 2666
439 166 4743
973 315 4202
549 85 3312
733 437 1923
176 689 103
763 345 3187
692 852 4897
152 941 1824
235 368 818
112 122 2706
168 738 446
832 301 389
589 979 301
687 844 2178
291 244 2813
984 952 3050
43 700 1719
371 324 2468
613 42 2239
668 523 3705
238 836 4998
851 277 2336
640 342 148
836 96 699
449 951 4736
760 426 1367
93 549 3914
486 316 3007
465 828 4459
146 217 2773
182 810 2782
643 988 1515
981 727 2505
23 681 276
844 736 3474
909 627 4327
175 713 1566
332 557 1867
410 399 2984
199 536 1695
753 961 1757
113 577 80
634 667 478
900 470 2825
59 964 4211
535 205 1219
422 1000 547
355 859 1127
517 10 2761
229 568 245
346 66 4536
290 198 2575
704 562 184
595 399 2759
249 180 3019
258 307 1416
266 361 1177
877 750 1791
909 550 1209
92 961 679
162 22 2147
827 430 3128
363 891 2803
666 798 3938
176 289 1312
255 17 2448
462 355 1994
591 10 2484
786 676 4634
33 154 135
202 134 4501
283 569 4362
938 153 1170
727 1000 4430
621 226 4491
17 37 4956
532 518 4450
680 829 2478
874 158 2444
130 403 1663
351 709 2205
482 578 1706
534 406 1205
591 605 4017
218 288 243
337 357 15
327 385 2837
610 801 3070
386 669 2553
434 775 434
33 881 137
390 360 1115
176 902 2873
121 783 2209
787 666 631
600 242 3504
201 203 4454
455 459 1030
186 94 3385
589 967 2586
80 795 3090
15 24 4369
588 928 2104
940 937 1481
399 624 2364
850 208 2956
872 383 2620
742 289 46
719 545 1796
209 260 972
565 156 994
885 824 1209
163 614 2410
18 426 2750
224 351 3117
691 120 713
172 806 375
678 89 640
770 6 3192
84 273 3916
777 868 393
426 867 2001
930 30 4115
405 944 1521
229 259 213
715 946 2650
903 135 3308
830 973 2516
718 215 1664
454 247 270
168 914 416
637 101 2642
843 902 1855
632 79 1799
376 773 1394
788 368 676
534 213 625
35 119 2866
268 842 1563
565 339 4248
739 423 4321
714 994 1413
935 556 1091
276 961 2285
664 467 2720
150 288 352
833 692 4936
709 566 998
438 452 4683
25 786 865
227 978 621
719 716 1483
270 414 2673
194 803 4508
127 918 3117
89 130 1460
376 895 4504
105 313 1241
606 184 816
515 250 1478
952 67 1897
741 261 4335
857 974 1877
399 226 778
962 604 3145
507 327 4890
517 550 1537
521 421 3844
304 226 2153
185 366 216
289 812 4039
436 675 3833
658 374 161
59 855 441
337 38 2273
807 23 4452
590 940 1696
5 284 2031
144 493 2350
622 983 1097
456 106 4032
450 663 1083
794 357 765
565 26 4266
651 923 1584
972 767 1514
753 504 4841
90 781 1145
81 920 1682
219 603 4471
241 519 2245
665 927 703
848 361 2783
619 93 4634
301 938 2586
237 606 3013
965 55 4775
1000 193 2497
483 258 2951
77 489 1080
622 589 2365
325 149 3837
942 236 3257
468 768 2425
643 935 819
309 923 2160
411 632 947
453 745 468
629 635 1578
904 406 852
7 250 2071
639 629 4049
378 959 2653
601 962 4150
478 320 4974
516 858 4497
263 938 1303
807 280 2124
767 716 3542
751 978 2610
519 759 1586
26 24 757
903 268 1858
62 692 934
908 927 1706
584 903 3119
147 207 3918
438 722 2712
324 485 161
744 731 942
891 945 4618
6 331 4520
726 231 3661
829 381 3107
604 795 1751
933 843 3768
269 418 631
263 535 1529
404 260 1464
39 464 4600
101 78 2125
678 286 3191
563 36 4068
589 437 782
692 748 3147
791 946 4314
576 626 938
245 5 913
474 701 2453
171 340 4291
194 523 4499
578 552 4078
436 148 281
462 808 3208
601 141 1326
803 298 2723
430 525 267
180 795 3358
108 916 2200
681 270 597
383 903 2785
34 414 2935
645 388 2932
868 236 2269
882 704 2656
499 844 4016
250 672 4778
567 499 3959
754 215 1766
761 353 4277
621 961 50
701 651 2613
742 959 1242
887 733 1504
94 354 4867
75 98 2344
598 57 409
907 903 3287
296 691 3751
968 322 984
676 610 4339
889 53 973
426 556 3482
233 712 54
519 135 3270
197 978 3563
863 740 1427
296 865 1519
196 309 3210
376 745 1159
728 241 858
111 625 811
127 165 1724
510 579 1421
560 874 4995
73 860 1166
841 255 1879
415 732 2029
689 19 4154
34 393 1981
489 262 4224
844 227 1988
741 592 2568
887 307 4013
384 196 1584
603 425 487
712 212 3717
784 746 2672
400 478 2168
734 913 4708
829 516 1455
980 498 3688
518 762 3785
136 161 1210
454 255 2818
613 954 697
328 543 586
177 49 1556
592 480 3112
261 40 3113
784 126 3334
187 674 3410
918 791 3803
800 683 1546
714 135 1125
709 48 200
901 883 1481
36 226 1787
146 830 4145
847 108 1993
24 260 4952
621 324 4707
738 806 3604
55 635 3710
733 200 2826
53 263 2039
347 102 2256
859 451 1987
592 355 1963
867 965 2517
811 147 4520
863 544 3611
47 524 3424
890 588 1737
670 181 3526
208 354 4588
30 261 859
237 685 1823
599 278 92
313 858 549
980 202 2509
194 144 1497
25 519 1583
821 372 310
654 213 3203
748 22 1651
177 757 3497
974 671 1072
683 480 1005
788 119 3981
367 763 415
653 211 998
496 556 1034
385 77 824
173 873 2803
442 475 419
477 649 968
502 256 1435
744 916 4346
502 76 1789
743 30 3131
941 324 1055
717 815 3624
390 388 2490
575 419 1980
83 945 1578
597 818 3283
522 655 1233
580 484 1445
91 66 1064
708 18 789
253 734 1364
901 865 2082
670 24 3864
775 961 3119
71 737 372
513 587 2786
114 896 93
189 518 4187
617 783 4996
371 848 1822
834 226 3563
95 855 3632
40 691 2210
408 802 4522
238 651 1908
875 333 852
790 505 18
836 691 2314
84 550 146
941 808 4853
500 898 597
308 989 615
14 839 4279
111 244 3473
843 365 770
949 866 4082
21 288 1163
19 787 1991
613 31 123
53 575 2208
318 936 1173
903 524 1205
918 261 1754
440 245 7
810 361 4981
449 84 84
312 143 4884
367 33 2304
524 313 3192
364 219 3601
687 815 4326
644 523 4598
62 300 621
714 834 957
873 299 2110
897 630 3558
788 263 2423
794 835 4080
850 439 2341
122 431 2360
189 240 3691
99 408 3298
942 231 3587
192 953 2757
254 205 3836
162 504 1426
23 116 4267
224 807 1330
944 402 2180
449 662 2267
905 92 2472
540 147 2340
525 352 2789
377 868 3235
195 583 3630
136 774 3564
46 434 48
953 215 3838
112 304 1214
223 176 4229
760 498 2389
423 972 4979
735 921 3876
95 698 4100
136 156 675
328 587 998
599 731 2722
699 409 2312
875 41 4186
59 338 4950
414 316 4146
96 628 706
522 791 254
403 741 112
35 257 4783
971 145 4463
61 407 3726
444 212 4372
1 303 1796
369 149 4964
174 903 2286
653 180 1478
406 853 1113
887 90 3753
713 353 3905
192 897 1608
709 869 834
507 5 2442
586 892 3001
214 844 4422
88 874 2273
154 839 361
767 586 1475
263 433 4930
49 44 3159
836 147 808
727 979 4054
369 932 2114
322 322 2150
613 778 975
194 400 1364
206 348 455
707 896 4122
270 91 2129
98 730 4524
291 527 2711
875 34 984
212 293 3892
994 804 302
639 63 3102
282 151 799
335 305 3632
574 542 1176
193 237 2905
245 434 1653
382 27 2151
810 892 399
53 773 3883
586 773 4668
521 73 1503
254 911 2585
952 921 3859
511 615 1519
63 119 757
721 234 2666
651 802 126
190 152 3079
426 305 2074
892 16 2053
525 915 809
963 282 3506
40 113 762
906 669 1013
108 215 955
759 35 653
835 818 1043
479 954 996
997 646 4961
143 329 2840
388 326 763
774 509 571
138 67 2937
176 373 642
291 421 3390
319 64 4514
115 961 2347
437 667 2478
306 318 4263
975 673 2737
73 734 453
228 512 62
595 2 4716
113 34 207
144 791 623
5 462 3486
455 78 1495
653 778 4459
530 358 70
380 469 4235
874 649 2122
696 884 1937
740 441 3341
328 994 3749
979 990 4451
867 623 310
115 764 2409
805 541 3514
200 860 4273
767 886 4062
240 209 2708
406 246 3237
802 211 2518
817 617 1125
668 238 333
429 703 3158
85 152 4934
130 652 3933
797 871 1517
583 720 1354
307 292 607
226 615 2039
538 797 2309
467 559 4941
129 705 1226
308 406 4316
556 262 2399
547 991 3255
898 286 4680
365 1 4309
486 158 2635
190 779 4157
403 85 353
513 727 240
750 878 180
884 715 2616
727 26 2001
93 791 3782
917 971 305
578 782 2715
988 454 516
916 87 2923
299 186 480
584 64 4448
55 884 388
467 137 1445
135 441 1273
825 207 4339
316 114 3600
807 251 3103
334 417 1879
706 937 522
400 84 2192
809 318 4007
74 58 3276
173 640 860
738 677 2583
64 466 4327
213 534 3861
536 186 1450
327 583 3441
511 440 952
742 338 2988
81 586 2299
454 636 805
31 592 2237
83 290 3246
140 875 3155
716 804 1004
760 148 1077
376 284 4037
784 150 4654
272 890 874
116 949 2746
480 775 2558
717 705 3216
114 786 2165
996 829 594
618 316 2877
346 899 2104
264 204 2133
389 941 1667
614 973 3040
878 606 1070
898 494 1587
133 600 2235
15 388 10
188 45 4066
951 302 2213
610 23 1696
931 271 593
420 671 2006
207 239 1928
212 542 2085
930 578 1898
95 722 2814
914 678 2695
484 56 1933
988 132 3676
34 547 1726
441 413 3468
508 119 1964
766 766 291
166 525 2660
340 110 4397
943 927 2971
342 105 4134
734 264 2903
548 323 1129
371 132 524
301 583 98
18 357 4071
426 277 683
70 329 230
317 380 2665
595 816 2398
712 131 1846
302 26 2667
803 973 4230
856 317 502
815 549 946
261 716 543
247 64 2930
71 478 4405
673 568 2551
516 740 3915
554 870 2965
703 507 1782
888 172 1575
414 294 2074
271 326 1285
85 675 3001
462 444 4033
136 112 3562
230 259 1355
436 883 2524
231 413 3700
447 310 3471
469 696 151
914 709 2411
684 946 1584
953 471 3843
776 506 184
296 412 4246
282 702 1275
512 927 1442
378 869 3793
938 901 3913
587 34 2587
580 79 4133
53 307 1025
255 24 2505
59 809 4256
640 250 2029
559 898 2657
178 511 1973
621 618 1508
399 218 1610
62 981 388
649 53 3906
463 733 1478
911 619 4675
766 718 1178
933 916 2195
940 689 4523
141 446 1415
551 145 2350
275 385 1432
362 212 2110
290 985 3924
237 299 2001
658 648 653
291 532 3858
566 949 2208
811 660 1518
445 456 1870
759 573 1110
460 544 3918
759 138 4217
874 766 1641
866 51 3912
158 452 51
253 199 546
203 757 2643
626 290 558
914 697 3817
221 221 3006
84 850 279
317 635 3793
996 535 4386
6 297 3967
414 729 4660
641 97 2
373 870 2720
327 549 1067
875 492 69
403 980 3322
947 961 2348
227 121 1227
402 285 1263
204 813 2597
914 209 4445
510 60 2526
948 866 925
665 235 4303
962 423 2930
46 630 4781
928 368 4807
698 268 4258
738 588 11
443 505 3176
723 28 1612
958 231 4719
926 596 4492
834 769 4081
19 366 2108
677 89 4603
796 424 4539
143 409 4192
486 447 3739
855 677 2117
140 771 4884
882 672 3032
213 693 370
939 121 2693
280 720 2930
300 523 1719
790 340 696
906 350 4838
370 411 4376
89 731 1539
970 328 824
606 104 2232
301 997 2183
712 49 3779
195 249 995
165 478 3064
53 428 674
761 384 1253
945 286 1153
995 819 4969
946 762 3576
439 292 4663
158 405 3171
103 357 4927
698 101 1113
334 145 4680
760 258 2324
588 421 1321
78 935 4332
727 998 2879
198 198 81
931 999 3519
360 223 327
290 579 812
998 131 4829
791 476 2502
122 977 3528
123 271 2047
142 269 4225
410 102 2272
457 65 99
377 990 4134
705 283 852
935 859 1031
284 38 3028
523 35 2035
156 166 3015
288 117 1307
679 717 759
412 130 2813
968 441 3163
688 376 2130
996 675 4437
777 441 3045
274 795 1742
676 485 2712
451 847 4225
696 70 3757
985 329 3338
414 854 3047
96 32 4299
931 987 2181
390 104 2040
306 362 3297
341 99 3059
774 33 70
994 713 1525
613 26 4252
234 512 4242
422 355 2946
588 494 819
634 277 1542
418 342 4469
507 300 3763
233 940 1779
8 208 1418
470 779 3835
647 482 2780
409 786 1376
361 49 2921
143 793 2553
96 924 1405
206 17 4486
36 445 1500
343 462 4458
282 360 2980
215 964 524
813 872 578
625 628 2188
272 530 1096
990 35 432
196 612 1757
729 112 4816
205 770 4959
886 339 1201
572 261 2234
934 126 545
215 596 1931
624 441 338
36 452 2409
959 493 3000
684 725 2297
599 102 1717
203 881 2898
387 176 3095
767 67 1939
753 653 3196
320 166 2153
13 805 196
580 245 718
721 755 1551
241 137 1123
142 537 3848
547 829 2342
602 991 1771
277 649 1785
292 396 936
266 619 569
782 626 3799
324 580 981
819 449 2322
55 123 3778
39 320 276
957 968 4067
403 410 4995
324 433 2760
92 952 4693
688 928 442
986 945 368
435 370 358
352 33 3075
373 553 4380
490 226 2539
581 334 1659
767 359 4238
269 732 2074
661 647 3936
853 12 4077
898 493 1625
120 102 2708
143 996 2512
539 110 1466
676 58 4556
455 981 151
68 117 2557
910 758 464
69 897 288
100 501 792
387 277 974
66 712 2830
662 828 3621
774 108 2937
795 536 996
443 226 4483
437 153 2007
634 385 4001
388 756 2685
16 760 3573
770 168 186
678 100 3521
432 180 233
668 308 4909
611 539 1778
456 17 3909
795 844 3259
880 758 1809
573 168 2943
119 542 1368
1000 124 2305
102 167 2890
339 323 3280
336 734 4427
869 135 1078
834 91 3696
747 624 255
524 222 2503
241 148 639
970 167 1746
558 992 2773
640 328 1505
788 40 4876
344 833 4299
591 562 3127
102 453 3718
7 329 2465
477 527 3722
919 828 3920
914 144 2991
733 46 1701
337 929 2377
104 82 3664
632 15 863
441 670 194
16 370 2440
800 726 4877
492 885 452
922 550 366
839 36 507
848 841 1776
106 597 794
555 119 3632
24 876 1689
180 801 3538
879 208 1062
279 999 3766
267 597 3687
525 252 3520
408 163 1162
676 159 4014
149 56 4997
221 324 3356
786 882 4316
663 685 1683
718 332 423
497 692 997
74 889 4924
376 716 3338
605 489 4840
29 826 3473
166 180 1574
798 777 668
367 811 3362
860 965 4425
771 883 116
877 703 965
225 828 3176
591 922 4965
977 83 2569
462 142 2806
737 602 4192
312 561 1921
645 387 1930
712 895 1240
4 26 1619
334 838 2471
110 716 469
5 35 3881
124 196 240
186 149 2534
58 684 3975
783 197 419
49 969 1857
482 502 1395
337 268 3721
491 46 1938
898 26 4171
125 25 1455
58 655 339
678 800 3645
684 658 1780
744 724 584
741 245 3764
487 277 3641
906 741 4400
392 963 4539
618 416 2721
228 16 2306
981 34 173
393 711 2098
88 125 1228
553 252 4954
646 582 3521
501 458 641
289 671 143
245 933 798
67 51 3888
680 602 2079
836 105 3985
990 220 1766
791 688 3602
330 933 1027
562 330 3208
432 223 4941
141 298 1261
502 852 2107
846 940 2160
601 552 2689
782 122 4423
874 707 2572
255 959 843
457 669 4700
904 656 1319
79 352 4334
208 747 4378
15 705 1180
82 448 3116
476 395 4927
59 829 3372
982 865 167
310 115 4318
884 701 3259
217 411 2573
873 577 994
127 801 3365
144 995 746
653 642 3520
91 624 3100
411 461 3071
298 589 1290
386 343 4280
492 129 965
138 497 3238
374 91 4341
842 220 3756
656 716 556
72 442 1049
640 264 1476
776 476 3945
329 702 4721
128 526 4274
961 826 1893
161 818 2805
112 92 1775
939 116 3064
19 568 3499
815 215 1713
143 821 349
279 588 3582
238 685 4285
278 538 2790
482 649 86
947 49 1564
411 292 4594
435 228 1852
951 949 1079
66 11 581
16 349 3890
650 299 4479
418 881 4057
646 313 4345
844 783 3191
463 750 1435
773 707 4295
527 278 59
390 55 2293
879 370 4931
183 301 897
596 882 3590
832 112 1342
112 804 796
323 125 2553
186 68 1036
25 340 4115
175 447 1383
740 53 1420
331 982 4456
282 946 1015
25 528 935
711 219 4717
905 745 3549
392 968 4621
828 767 3256
537 985 2182
964 50 1766
891 372 1941
335 912 4489
90 495 1328
72 124 704
550 798 3970
327 842 3155
554 527 1933
714 206 2413
871 656 1103
292 767 2939
714 962 1075
645 312 1962
32 593 1314
28 372 909
901 354 3642
176 874 4620
679 102 3777
750 275 1841
543 216 2209
923 277 4006
522 618 1172
226 30 2763
669 751 845
730 46 767
862 696 2282
55 918 1318
103 320 3819
625 966 2754
73 486 3487
93 405 4768
420 8 5000
144 182 3773
678 157 301
188 759 548
140 944 2670
313 747 1255
296 31 3730
797 743 1244
986 139 2880
273 822 348
274 776 4202
545 185 3686
203 197 1057
436 879 523
78 417 2846
935 251 3586
393 466 4362
844 290 2706
52 888 2244
337 57 3081
29 501 682
939 305 1160
332 204 3312
609 792 3615
315 371 2914
494 107 636
950 440 3555
800 274 612
247 615 928
893 461 148
466 886 1746
520 915 3888
24 767 4435
377 823 337
163 815 2138
947 346 2502
795 87 3695
214 650 3433
392 912 1458
540 211 1466
900 205 403
850 847 4589
846 431 1896
341 452 3214
207 621 1034
100 115 1533
959 111 4943
384 70 3650
172 910 2046
880 9 4249
327 224 4905
202 206 690
60 108 1466
250 304 2457
152 978 1865
453 924 2173
630 8 2305
857 278 2231
11 132 1859
837 835 139
615 958 1354
191 828 1668
177 456 1344
926 425 430
944 757 967
958 892 1505
938 610 1308
84 440 2461
993 621 37
453 63 423
862 410 985
563 189 4797
406 732 894
612 819 3873
417 702 521
16 369 698
8 969 4300
397 387 537
924 203 134
688 862 45
910 941 4200
596 689 3480
616 581 4078
120 131 486
533 462 2332
968 817 1538
565 533 3701
181 122 2691
886 279 1052
922 751 2625
244 747 2842
29 193 4698
526 269 3075
21 436 1394
169 893 4231
190 104 236
699 995 732
823 316 1229
868 527 4130
982 625 2179
516 465 3832
40 611 4625
617 667 4456
10 822 3238
545 408 327
905 816 2000
93 459 2804
123 86 4954
428 114 122
575 225 3990
875 325 331
63 394 3275
743 32 55
320 368 2464
768 223 2316
388 591 2923
888 587 1477
693 86 1795
275 563 1237
122 819 2683
122 943 2378
737 494 650
585 517 1848
617 60 2656
77 837 1643
913 973 3157
519 299 1208
25 855 2937
272 641 2219
85 176 4687
784 340 3317
777 606 3582
229 748 2646
933 614 2118
153 236 95
91 597 2579
284 603 2568
712 230 1673
642 63 1706
198 110 4973
68 991 3729
906 83 333
70 749 2454
484 706 2100
199 334 124
180 327 3864
598 206 794
213 538 3099
341 338 1911
817 741 299
339 942 201
900 182 684
771 513 788
222 787 1810
475 466 3917
129 269 327
908 14 3040
881 663 2773
893 419 3082
742 318 1421
40 374 4035
494 256 4260
558 851 4045
287 974 2704
235 821 1089
190 319 1503
86 542 3366
844 130 1869
289 970 4368
889 231 124
406 899 4347
689 366 4389
376 601 2395
222 346 2221
885 459 4503
831 270 769
38 984 1109
16 926 409
731 74 3154
20 205 1284
419 172 2073
756 415 3338
700 180 1865
970 115 4022
193 717 1977
705 222 1135
88 874 480
4 307 3662
739 215 2524
39 817 4739
610 637 2279
254 869 4599
75 19 4909
675 956 3559
727 650 650
541 209 1287
720 478 273
586 672 1755
689 184 4117
909 613 3949
614 312 4296
468 66 2954
395 678 4239
26 600 1473
576 79 4359
843 94 991
47 240 2253
282 135 2856
875 333 996
541 836 963
454 931 2194
449 479 2392
500 377 2443
182 828 1417
654 431 3581
388 795 3281
676 730 689
922 702 4260
107 45 435
131 711 1021
65 225 4086
450 748 4999
342 746 3461
1 389 2409
609 687 3151
196 219 2861
634 51 2164
22 840 2413
714 500 4508
688 7 2139
280 865 2203
527 207 4913
549 643 4343
889 526 3595
193 63 126
860 211 1905
739 322 4365
113 799 4963
172 122 4793
611 12 2426
559 182 3961
873 507 3917
95 601 2643
355 136 974
198 71 2238
23 467 2024
386 254 476
44 364 2837
204 945 2860
713 676 1879
409 75 1836
685 672 2636
232 659 455
737 160 4248
650 176 141
94 725 810
569 403 3267
962 303 2513
591 460 4011
728 818 2105
490 577 4612
90 893 598
374 235 3026
465 271 4115
4 731 549
928 484 2774
278 48 2143
285 416 3237
410 898 894
937 932 1672
228 243 2291
658 653 2336
866 315 3762
773 465 3264
486 4 3925
579 768 1222
746 441 1105
304 446 3558
663 848 1527
655 473 4786
688 201 3475
862 368 824
916 548 2436
451 270 3915
590 198 3094
782 685 1863
909 769 4143
638 766 1786
581 406 1041
819 470 2385
647 7 4614
571 215 491
400 693 672
407 290 4293
296 813 3064
628 741 233
123 25 2914
841 820 2356
476 112 2892
149 854 965
285 670 3393
937 54 2870
72 609 459
632 779 3697
500 427 2049
410 551 3595
660 780 2392
104 624 4736
616 805 1269
999 339 1404
141 823 182
544 735 1088
201 555 941
561 386 2457
515 609 1378
268 401 4906
572 889 2739
24 419 3668
687 3 4531
408 599 1113
659 153 679
25 833 4021
121 611 486
144 919 2875
108 199 977
279 85 1832
264 295 2110
752 450 4669
444 189 4951
989 261 2037
507 758 4131
214 981 4690
532 567 582
299 494 3990
143 942 553
572 381 1412
556 967 2286
822 613 103
920 362 3556
435 303 3292
895 548 3152
878 115 2929
597 194 4809
93 40 887
743 46 482
339 41 2039
598 424 808
353 618 298
154 613 1094
623 81 3006
833 536 4752
709 816 2824
516 84 3743
706 816 3494
533 448 3907
327 243 4737
589 744 3086
602 864 1038
845 249 500
636 805 2613
198 102 4131
138 545 1576
665 820 1781
453 677 4186
935 884 2686
229 433 216
305 529 4372
583 419 1411
364 830 4127
995 115 275
539 436 2624
523 294 2
681 349 3684
267 438 4182
157 81 2712
286 11 2655
778 395 211
434 31 1597
294 650 956
209 56 4417
623 546 832
299 393 1365
386 127 3264
212 513 4205
560 782 4145
632 618 244
908 254 781
911 82 125
597 112 3295
600 137 3952
496 883 1345
449 414 819
544 860 1974
929 22 3565
912 313 1993
829 639 3870
54 982 3128
961 290 2644
702 137 2566
369 589 109
642 897 4046
784 528 4968
59 251 4501
769 900 1458
916 24 2992
448 436 3194
840 548 3346
708 8 3120
930 537 3895
191 826 2056
466 504 591
253 276 4536
581 231 2200
28 929 2754
202 943 1833
654 755 1337
358 887 1451
745 521 3774
308 485 1708
904 453 4335
730 382 1636
681 577 1829
792 349 1607
422 621 3222
571 241 3425
715 53 3965
15 117 4545
747 450 2799
992 356 4604
445 872 2120
671 872 3021
697 92 3249
575 959 3635
684 406 102
994 544 483
556 617 2820
321 223 3781
796 860 3910
11 299 1177
471 128 35
750 161 4351
899 443 1643
250 688 3801
117 652 2032
170 813 2575
347 498 4325
793 98 540
602 109 4093
408 417 4815
631 579 4189
464 693 4215
300 259 1231
829 466 1878
118 320 2374
893 903 3788
852 43 1390
527 771 3011
182 78 1032
711 64 1675
66 46 203
702 495 3547
499 218 943
900 781 3010
240 864 2065
739 561 140
601 843 2196
360 842 1562
949 989 2192
160 888 1418
174 160 562
392 678 3443
358 970 4942
720 331 2817
948 210 3644
215 468 442
184 682 2919
79 499 4676
510 68 749
24 39 2777
993 647 2831
668 137 3508
513 161 4424
909 382 527
1000 988 2621
350 414 4292
901 662 2506
847 209 3169
939 495 4075
891 426 2612
428 545 1389
470 546 2553
392 788 2187
376 327 2892
890 225 623
427 784 4276
661 343 3812
406 695 4859
78 248 602
907 928 658
996 985 2318
545 99 543
472 246 525
126 437 1769
914 870 2107
246 398 119
140 767 3019
968 362 3994
215 518 1159
76 330 1655
566 534 3147
111 158 2479
827 178 1704
723 34 1923
23 483 2480
613 384 4260
431 784 4954
524 799 655
47 58 1130
823 107 3878
874 834 2125
769 863 4765
492 286 4493
502 211 505
13 315 2264
54 539 1543
178 789 1352
414 209 181
529 475 4538
543 568 2511
835 805 2505
661 148 386
192 620 583
827 1 2301
601 191 928
405 201 2251
818 901 2888
665 163 2200
218 65 953
621 916 400
25 358 2582
705 177 936
356 490 1318
924 487 4128
935 477 889
389 769 2339
433 232 2493
351 19 3726
695 376 1548
897 800 3709
364 198 3061
340 541 2818
289 883 3572
727 489 1589
517 372 4863
519 500 3555
434 691 817
856 956 4909
483 430 843
372 256 4627
708 635 3547
511 837 2937
232 313 3457
309 565 291
18 102 4545
975 802 1571
497 458 2578
78 1000 368
47 406 1367
8 105 2893
261 833 3070
487 929 4765
575 364 2662
357 281 912
974 686 4815
385 162 514
982 360 1585
874 761 3852
655 250 3126
867 631 2469
344 611 3132
323 726 4936
453 392 2869
574 632 2439
809 202 4080
494 162 860
57 956 2620
736 875 1657
607 333 3941
373 929 2132
877 900 4952
469 837 4295
197 776 3400
902 373 560
733 582 3537
884 570 1309
865 456 869
502 845 4201
888 745 1036
112 811 1073
712 929 2646
469 689 3381
759 647 4521
149 761 4121
577 975 2046
666 178 1478
309 571 1870
605 799 2742
767 76 1015
81 104 1750
777 79 4179
106 357 2120
915 993 3379
435 652 2856
632 649 1567
286 674 4035
194 855 1497
494 183 4939
303 734 716
337 57 1689
699 544 4070
582 715 3863
528 574 4286
226 432 1945
524 512 3751
932 265 4924
514 962 1194
81 45 4608
646 361 1396
694 2 311
990 906 2773
828 715 935
222 519 1159
934 595 2200
143 323 523
159 28 196
421 56 485
646 539 1266
738 753 2698
280 583 2996
851 680 4661
843 111 370
759 416 2749
51 587 4545
160 843 64
713 784 1419
15 440 4389
355 533 1679
35 411 231
311 842 1304
391 482 470
10 559 2461
631 212 1043
235 865 4483
92 61 3670
746 233 881
818 269 1441
49 816 3461
855 654 476
636 893 4980
184 81 373
151 283 990
579 958 4014
896 662 2064
817 263 1289
220 182 1311
717 293 195
341 602 3878
486 54 677
786 564 413
196 767 1195
459 640 700
161 428 1794
920 77 4703
737 197 4300
422 275 1302
510 368 602
876 394 1619
41 631 247
14 783 4987
757 637 3483
225 107 2558
25 984 2730
948 379 1939
466 113 412
396 764 2114
481 361 4376
558 537 4951
343 671 4870
325 779 3724
444 866 2726
486 578 217
56 233 1687
787 989 4365
687 149 4663
414 86 4348
336 145 1748
71 794 3953
657 533 4954
488 915 750
362 305 4957
190 823 558
106 383 3242
845 739 4125
994 313 4942
768 210 2094
720 902 2127
908 91 344
150 664 355
798 355 2647
333 780 572
149 410 4655
383 574 4939
211 698 4186
389 103 1714
310 79 3324
21 376 3529
137 163 4147
167 170 4122
4 582 1850
122 844 3999
63 122 2848
146 653 424
837 516 3966
286 624 1100
592 563 1229
602 351 3839
525 985 3757
987 262 1736
391 760 2326
315 26 4048
895 887 3326
554 498 301
505 713 1541
222 223 1703
959 57 2089
710 597 3193
3 472 6
122 395 1823
468 37 4318
175 412 1018
285 139 736
381 609 2709
234 500 1922
466 764 2080
870 13 4030
771 552 2235
992 473 3439
95 16 2458
913 111 1174
878 112 4847
86 714 2051
84 654 1506
960 28 857
695 849 3347
635 987 2340
577 110 4547
335 971 2180
405 900 414
798 305 1802
740 836 2013
780 552 4910
451 141 2324
595 230 1044
85 975 557
389 237 242
15 144 353
511 640 4486
196 515 1123
401 36 1023
1000 11 116
798 63 34
434 411 4998
66 745 317
856 532 3218
628 551 3574
230 953 643
34 671 4513
867 515 1408
931 171 1574
633 402 3903
422 256 292
599 506 469
388 219 3803
685 237 1633
176 897 664
700 364 1871
328 224 3915
617 668 2604
560 549 1556
966 523 4174
616 629 1074
232 902 1059
765 929 1378
697 718 2462
355 680 2505
660 131 4749
880 689 1742
749 394 2721
495 946 3989
781 800 2100
737 761 2849
587 935 1029
563 987 2298
990 117 3809
341 78 2326
526 894 642
812 2 2473
658 693 154
463 734 4252
13 792 2478
262 36 1175
331 253 4208
438 613 2868
640 298 3589
148 723 4199
516 159 1338
263 42 4764
482 119 1971
331 249 3123
80 697 3254
195 234 4125
414 950 4116
19 181 4174
634 225 3914
571 332 449
94 445 4975
215 229 3772
198 11 2078
259 501 393
712 453 3247
327 837 3813
320 694 2748
876 485 541
985 895 4722
698 576 1239
820 802 4138
158 337 1972
879 734 2205
849 861 4260
639 966 3935
309 18 3141
721 727 992
393 955 3155
100 713 4357
50 727 3470
35 430 1558
424 560 882
465 798 2447
468 831 773
231 882 1920
564 879 4627
315 645 1891
640 490 2229
134 995 1227
168 825 2550
712 311 4410
582 112 4803
856 322 439
415 662 71
836 321 3078
886 402 1513
984 656 1122
773 587 3256
734 404 715
682 496 2042
940 163 3652
875 390 2753
652 395 4545
108 555 2661
731 254 2652
459 848 2887
820 30 3025
419 21 2270
608 672 860
164 610 2050
301 974 510
657 45 939
606 471 2641
928 172 4802
789 498 1199
737 239 1964
245 733 1126
683 954 21
893 616 242
910 452 1414
300 474 705
806 369 425
66 631 4099
878 678 633
304 892 3333
468 553 3552
926 44 3998
664 720 4696
365 340 2522
723 339 4924
78 642 209
179 531 416
138 91 3107
967 781 4128
661 407 3766
561 132 4308
618 580 2103
715 91 3385
753 108 24
107 452 2311
464 362 522
992 168 2628
509 885 700
901 776 82
203 220 2085
490 942 1921
40 801 3697
172 763 656
299 759 1292
849 803 2287
364 67 1283
31 249 3192
114 133 3662
565 957 3105
897 697 3861
163 814 2554
935 244 2666
389 199 1064
499 124 2422
811 382 501
751 234 4000
184 644 4203
473 857 926
551 846 3311
605 806 3974
420 357 4580
240 7 177
499 531 1094
404 1 3197
39 286 3564
288 697 3555
307 474 4054
259 774 2324
956 589 1049
517 413 2597
572 31 4979
696 103 2123
296 589 4813
905 829 1535
806 115 361
736 130 4722
725 312 4642
192 109 3791
873 680 3345
799 339 963
965 677 3668
469 222 65
908 55 302
883 778 278
626 457 847
339 786 1647
621 380 992
758 760 164
749 232 4787
103 232 819
677 72 1264
76 749 2742
349 750 788
228 946 4026
147 48 2637
905 37 23
745 377 4542
871 260 500
419 228 645
295 964 903
945 625 3168
796 110 4587
936 451 679
983 6 898
881 779 3831
137 365 4560
367 686 1408
614 324 4321
407 627 1694
594 903 2252
85 306 1931
834 923 2688
575 489 1275
181 421 101
211 153 966
926 206 1376
436 437 1373
911 445 1303
631 540 4202
26 502 997
433 166 3684
287 992 2166
134 130 4931
391 440 962
135 384 3057
450 864 3506
577 580 3360
33 368 884
497 876 2984
550 765 4298
773 77 3116
822 300 1501
814 284 4538
339 953 852
871 812 3733
215 514 3539
670 583 2639
783 234 1412
511 852 4244
92 134 3057
568 915 2746
234 799 795
858 590 4438
493 182 364
922 529 2862
194 782 155
862 542 4521
14 784 1232
42 813 2506
431 565 3968
993 51 2970
756 742 1772
836 222 3984
641 23 2737
890 851 86
797 943 787
668 171 1923
409 753 911
636 855 887
421 65 533
614 7 4402
902 685 3341
856 59 2617
958 693 4958
387 599 2103
514 965 1826
265 721 4429
104 835 2158
974 409 2676
564 227 1755
53 438 2741
274 895 2265
311 367 1264
759 199 420
234 293 624
71 268 4199
815 805 1981
571 226 2433
46 403 2759
205 847 719
636 744 1037
258 571 4088
403 172 33
634 686 3672
678 280 1014
382 791 1322
377 284 4859
952 98 4433
803 583 4314
362 726 3714
254 432 4347
259 202 170
464 330 4315
175 458 885
619 430 4886
1 601 4410
992 856 271
512 594 1507
88 315 4560
850 409 2546
921 145 4231
191 640 3509
738 484 2051
600 721 42
244 969 3174
730 159 2304
27 7 1755
888 333 1923
252 734 3887
673 480 2401
946 603 3665
498 972 1309
451 414 1223
273 398 4057
332 989 701
909 703 4866
32 164 1717
558 656 2739
187 229 265
151 56 2483
668 348 1854
477 14 4028
669 936 1603
997 937 3514
607 350 4325
144 262 138
175 199 4082
886 558 3592
230 904 378
365 641 1841
618 865 1884
445 836 2480
295 15 369
49 505 3922
542 477 751
454 802 1691
479 192 797
458 854 4493
598 691 2294
520 152 4941
283 370 990
459 704 1545
140 220 4270
533 120 4001
685 798 3712
36 406 4834
566 422 3488
318 625 2201
625 802 814
48 320 3362
607 629 4673
98 819 585
360 219 863
673 737 4139
130 894 4791
337 199 4661
652 977 3806
185 81 3101
28 286 1182
421 645 2376
668 847 151
163 489 4411
145 244 3436
137 875 3415
465 188 232
282 359 194
297 890 4768
628 412 973
633 68 1149
704 811 213
387 834 3746
335 967 3880
148 946 704
722 867 147
362 550 4494
53 24 932
509 130 1616
90 76 859
735 760 3410
619 212 4510
770 298 4105
565 921 4521
87 948 1569
138 161 2220
478 970 4052
318 832 2673
965 595 4248
313 539 2996
862 461 983
508 794 564
450 594 49
358 718 2395
842 814 4783
135 178 440
571 619 4445
734 752 3792
222 166 740
169 705 1086
67 642 2919
18 597 1087
522 117 3710
443 681 4558
378 595 1349
957 944 3042
365 567 3758
854 600 1742
46 106 4914
516 199 4837
360 665 4439
427 7 2907
712 355 1449
134 848 2609
898 629 4629
957 330 4639
1 99 1796
21 635 1468
590 634 1598
229 658 1196
581 695 4581
675 975 3815
389 760 4088
151 89 4344
800 244 4667
785 480 1417
97 419 1394
36 101 3562
577 527 4953
532 849 1266
175 934 4895
55 320 1380
308 870 3603
464 950 1994
232 419 3815
332 997 2802
98 895 778
802 180 4251
416 743 1424
542 343 890
86 80 688
249 468 2981
184 451 1380
488 615 4700
216 622 3399
902 916 457
329 945 4812
63 692 4860
422 906 4615
372 640 240
537 572 2837
206 159 3686
164 681 1366
969 913 4397
202 940 2433
754 622 1745
440 35 4141
270 181 4505
440 144 1264
296 536 2048
386 31 431
619 246 2174
50 44 703
883 946 1885
707 158 340
911 142 4790
125 310 4802
547 881 4856
389 789 3046
543 163 244
829 628 3285
610 505 943
234 183 1563
684 270 995
124 560 4105
697 508 1829
745 114 4947
58 426 71
735 39 4852
163 886 2888
350 480 572
991 354 3281
662 95 4033
728 400 3222
208 410 1684
762 995 3471
924 7 1409
558 554 4400
352 520 2157
949 611 628
687 883 3137
27 350 3810
304 636 2855
339 185 371
233 761 558
430 833 3898
345 73 2306
477 623 3402
224 382 3629
407 573 2503
169 862 4067
642 380 741
18 13 7
180 228 740
12 39 3472
733 518 2880
597 552 2900
157 111 62
409 678 4358
924 616 1074
909 344 2726
298 760 1915
480 846 1402
319 31 935
741 610 3913
260 331 828
754 265 1886
646 483 3981
531 843 3649
330 780 3891
753 931 3061
670 107 513
855 630 2148
862 292 1936
641 70 1242
829 833 90
924 219 1322
535 733 809
462 863 494
691 687 4055
593 19 2489
752 967 2705
135 601 4560
820 177 4677
289 633 2260
737 163 3452
794 490 4169
413 740 2164
521 780 2750
493 967 1503
794 995 863
915 119 3379
994 930 2490
108 202 4461
134 243 657
202 472 841
359 479 4830
714 723 4400
922 999 3756
236 106 3086
352 199 3402
743 932 3900
483 483 1317
385 853 3257
231 632 899
113 236 4154
94 196 2271
479 53 851
977 196 1475
175 596 964
530 529 4319
954 639 4108
569 629 4965
104 777 4829
759 791 3445
590 896 4669
761 98 4565
604 691 2732
422 357 1525
378 472 2974
18 154 1102
472 509 1737
330 112 1894
703 262 577
790 815 1512
600 533 2998
862 128 314
362 789 4543
299 621 1601
985 533 1473
608 963 1118
174 751 2162
601 539 2690
997 147 826
614 840 3204
454 273 1323
303 393 612
307 637 65
831 15 4662
474 406 853
834 875 2275
86 416 1498
644 983 2245
840 631 3218
919 413 4339
196 138 2347
896 48 3915
718 738 3084
747 119 4218
395 166 2725
894 915 1300
925 330 575
480 307 1798
847 287 450
761 910 4692
448 535 477
682 118 2704
79 880 4326
377 173 1396
925 102 3114
617 748 968
417 539 2529
19 806 1533
355 4 4034
385 663 4081
195 296 396
609 883 1194
414 406 3936
368 209 512
420 607 4443
636 750 3640
255 76 2513
359 847 3289
675 152 1106
902 888 3393
799 823 1640
684 289 3049
215 235 4443
412 587 129
998 903 3203
606 120 1827
630 747 2439
442 882 1607
63 241 1990
33 664 3372
354 440 1971
609 565 4695
638 120 2335
172 366 2289
984 804 3501
87 265 3351
965 915 3226
570 59 4371
803 636 2151
445 543 760
236 143 2974
621 547 3993
202 987 524
397 940 1807
671 69 1992
384 399 1214
414 611 1705
300 66 2628
821 711 1926
462 346 1860
111 501 1742
254 357 4770
686 222 2999
406 506 1001
327 443 1637
945 225 2751
12 215 826
586 165 1311
822 258 3066
388 962 677
134 678 380
312 439 3521
176 989 804
473 388 1081
481 130 2390
887 729 2036
516 367 1604
559 973 2980
121 203 2150
221 780 1876
919 841 2332
948 23 4368
527 73 3005
119 575 3848
249 332 1753
530 554 2220
42 391 3146
122 541 264
463 1000 3676
697 922 2090
123 654 2709
481 475 1949
697 430 3077
117 182 2968
764 613 447
831 569 2257
916 186 4625
984 841 3950
602 961 2664
823 422 2135
923 332 127
587 540 1862
891 889 1736
682 338 4637
945 848 558
496 988 66
745 373 563
336 318 4257
547 443 737
523 616 1666
512 328 4991
298 462 3777
220 56 2470
905 926 3356
429 930 4064
574 771 1152
937 948 4579
560 254 1960
984 273 1190
547 2 4900
655 942 1818
9 575 2923
211 411 4390
567 282 2524
570 875 1879
603 442 4699
171 861 503
743 468 41
279 544 1512
329 148 1861
631 358 181
806 771 2076
412 800 2396
982 520 3635
263 738 2115
480 623 3808
510 512 3319
135 108 3297
223 49 4293
385 581 2344
476 32 1261
705 963 1449
828 888 4148
337 842 2300
915 540 3838
236 763 764
470 10 3606
35 799 1183
162 651 3290
431 248 3443
592 238 2750
901 407 1524
831 262 4469
965 185 830
620 412 712
529 455 865
161 509 404
216 825 4564
986 836 2519
124 525 43
232 486 40
788 690 1124
754 783 754
142 429 4988
602 231 1906
518 181 1819
49 865 3173
547 816 4514
935 597 4745
158 253 2230
193 822 1397
481 142 3001
303 245 97
922 461 4489
468 331 926
75 518 3291
124 666 3420
708 879 600
434 536 2232
668 731 837
651 527 430
246 727 3670
905 45 1743
391 938 1230
46 671 2907
837 207 2483
678 18 171
526 786 4795
39 274 4700
923 76 4515
393 26 1448
1000 315 2110
270 27 2594
16 146 2883
117 305 3743
560 786 1967
404 999 18
763 92 126
224 685 2165
995 691 466
499 376 666
573 830 985
496 515 4978
497 801 2939
630 322 2419
758 543 2531
704 883 3925
751 43 3367
717 164 1769
99 217 609
362 662 294
995 279 1484
500 170 2871
343 563 296
301 533 3228
497 732 2042
805 929 286
208 698 2755
200 284 2176
838 779 987
835 317 4071
853 851 3854
984 697 4538
362 901 785
105 607 1735
447 724 4251
423 159 491
138 411 2959
563 378 3043
981 500 1853
102 696 1411
902 586 1233
931 168 1556
307 312 3491
997 881 4053
888 694 2719
350 847 3893
420 624 206
216 847 2344
877 529 4999
249 649 2379
263 786 2806
84 466 4591
656 564 3875
102 371 205
680 613 2793
99 623 2323
900 789 1146
60 989 2164
744 545 1325
564 428 3119
865 42 1122
246 51 3845
830 253 4775
527 887 172
403 677 2541
667 19 1357
591 1 1611
864 40 1023
78 208 1218
422 215 1620
899 102 3719
474 704 1065
86 92 4383
175 485 830
225 3 4643
814 368 4621
230 669 3445
266 836 2278
46 801 2267
324 534 2679
398 881 3125
790 89 1156
833 961 2407
690 725 3907
945 576 1001
753 962 3048
682 717 1825
259 11 4212
551 830 3188
746 618 1511
115 469 1073
633 593 3607
128 591 726
104 398 374
70 139 2357
662 485 1799
890 290 2474
330 942 3838
737 849 4548
960 35 2346
468 794 545
158 559 1879
639 809 1492
236 830 1876
98 825 1108
622 887 1008
344 38 3073
325 352 4131
987 446 4533
704 810 285
234 386 817
988 873 331
65 953 1839
789 573 874
521 415 1133
58 142 708
976 21 2471
740 744 3576
701 394 4337
612 705 216
371 829 4210
248 240 398
74 21 1383
600 386 2929
498 82 2567
768 245 3802
253 44 3496
437 924 699
23 876 4215
454 872 2888
20 43 4685
951 697 2917
746 655 284
243 961 1507
247 286 2132
924 969 199
531 657 600
416 127 4249
917 385 1150
464 137 2015
208 385 407
592 25 2724
745 674 848
344 568 228
831 698 4934
445 844 1719
583 956 2743
94 583 1671
749 937 133
256 252 4453
16 845 696
168 257 1183
318 324 2714
165 96 1609
453 354 3144
143 808 124
736 115 1031
735 448 2530
754 489 745
540 409 3215
507 131 1718
80 962 165
586 888 1846
869 738 4872
706 153 3091
52 941 3680
468 341 1648
250 563 2448
408 252 138
382 4 123
283 382 3281
425 418 1384
828 487 4874
459 7 1586
267 874 2472
633 635 2897
382 325 898
711 694 1281
122 687 3661
957 606 463
382 774 2450
324 527 2136
69 557 1391
342 530 1864
554 873 3597
546 81 2032
92 219 3211
199 555 681
184 395 1044
564 440 980
575 674 4007
68 767 1827
548 775 4701
463 483 3660
889 287 2895
3 30 634
564 591 4934
257 60 365
742 533 1703
566 666 103
25 298 4
792 975 1141
89 658 4306
423 892 2335
903 694 1216
897 254 959
184 945 2618
805 97 3
680 529 1843
914 571 4026
947 312 120
830 701 2193
117 154 128
265 343 1871
762 163 1493
654 702 3772
743 526 1986
423 211 3731
142 897 4944
264 250 3768
844 264 312
648 548 1834
946 550 3307
755 60 1312
324 784 1509
381 291 4844
235 745 129
967 677 3004
582 144 92
596 77 4556
668 639 1314
864 343 781
182 275 2404
669 847 1151
758 448 569
466 111 1411
842 288 4327
97 229 419
272 64 1637
917 364 2202
420 565 112
671 44 1825
786 601 4318
691 746 656
314 575 485
767 214 1628
392 815 3962
569 259 4554
283 657 1635
507 854 2874
604 804 3208
323 679 3304
68 12 2617
210 140 4866
492 749 1019
747 202 4814
51 158 2414
215 899 1527
166 830 2883
98 406 69
914 398 2854
938 256 2500
240 882 2384
776 202 2162
880 383 3171
950 548 1945
795 349 455
50 627 1605
940 259 4648
851 205 1102
538 86 2233
666 82 4589
267 715 2211
509 801 1726
839 455 2194
539 389 2162
915 940 3618
349 692 3701
951 40 4110
421 465 4691
80 364 1526
262 499 3573
486 955 3834
918 856 4657
558 29 2288
843 89 4270
301 353 2945
826 879 4
376 690 2920
407 401 3924
842 477 1461
525 178 3062
368 576 1356
454 365 2006
448 167 1401
110 699 1989
158 383 3368
322 894 4420
16 724 2780
463 616 3428
845 705 2627
249 884 1864
615 852 2231
154 516 1252
924 514 4338
173 112 2649
154 77 3417
630 368 3935
290 329 167
364 991 876
126 422 138
955 666 2494
773 534 4268
65 753 1812
108 895 4159
850 422 2413
908 885 1964
435 466 4100
852 191 1165
186 92 1227
987 426 4923
541 552 195
433 686 2672
398 346 2966
566 310 4814
446 141 3600
677 685 509
314 298 4143
25 825 3221
154 518 4646
13 371 630
785 950 537
558 128 327
512 245 3121
367 649 4038
431 402 2416
759 754 4086
159 907 922
323 497 1933
244 882 184
622 158 1852
995 369 4728
535 458 365
323 749 1340
739 615 4933
812 576 3751
870 535 789
176 481 4833
62 787 4831
473 151 1134
91 546 1181
889 920 2355
540 207 4478
721 685 2068
185 290 4827
127 187 2214
22 872 1916
978 359 2139
239 773 1437
709 78 4799
991 750 4880
798 475 1104
458 314 831
584 964 3572
734 442 358
163 229 1313
50 983 3486
879 91 1137
717 322 1511
642 465 2513
481 115 2653
685 594 4333
216 787 937
26 817 88
416 92 2695
550 145 2973
857 7 3289
542 817 2423
716 388 766
279 297 4936
618 582 2383
45 689 3707
888 143 1387
945 453 2323
428 362 2874
193 258 4751
892 953 4438
910 448 2453
367 174 2965
19 227 2967
373 983 1032
789 592 2966
770 223 194
53 174 4146
798 251 1710
220 619 2388
613 966 2566
552 822 1137
616 803 3224
60 249 1070
941 292 828
478 187 798
309 628 4226
49 793 3485
799 216 229
75 832 582
778 251 2921
834 367 1432
743 438 495
816 443 1034
365 261 3169
726 61 4415
226 528 4429
73 663 643
740 929 4223
233 625 1739
314 545 23
728 846 2556
656 707 58
741 264 1780
354 72 1579
833 226 221
17 618 1798
460 776 3251
650 98 171
703 605 4301
331 939 2563
845 339 1057
324 124 3952
935 439 1079
944 815 3787
173 546 400
79 63 951
45 823 3793
103 868 1802
689 231 4497
147 853 3617
52 109 857
485 848 1954
249 471 4662
517 660 4641
874 7 1898
386 867 3047
719 431 4185
189 288 1321
538 393 4557
911 294 2783
504 917 204
830 366 1069
772 681 2203
126 878 3438
331 466 275
853 758 1380
283 339 1291
801 662 3056
728 574 3631
813 257 2747
214 418 1735
359 437 1959
331 708 101
346 284 988
561 536 116
611 635 831
594 503 1214
747 292 2718
397 15 4154
631 194 2039
979 820 136
460 978 4997
773 152 1049
633 939 3594
41 825 4598
500 145 4045
171 483 2501
123 678 1951
873 685 4908
468 398 3955
27 703 4091
288 382 3053
224 585 3454
113 527 2548
989 276 53
29 165 602
720 583 1697
322 600 4841
834 519 4594
214 316 2013
547 474 3842
253 834 3322
495 845 722
267 934 2201
878 773 4253
279 686 1761
814 538 1553
817 862 132
35 648 665
834 657 3898
806 755 2482
508 102 329
88 935 3459
987 279 2649
583 130 3390
941 99 690
332 804 2617
819 461 652
611 897 2741
1000 533 2937
667 104 392
70 570 2074
721 850 1676
921 250 600
192 733 56
266 222 691
493 870 4872
871 326 4079
203 535 1791
641 142 2210
781 220 107
512 228 997
740 579 291
697 759 919
749 540 4012
750 921 1026
943 744 4700
379 746 2137
909 604 1413
762 545 4819
688 124 969
195 631 3651
993 922 2943
432 154 3031
441 577 130
167 620 1557
962 17 2296
362 352 49
649 170 4086
35 896 1102
851 697 2152
449 873 2262
535 56 1967
891 388 2664
103 433 2464
856 938 1113
384 241 4179
665 898 892
145 216 69
234 721 4595
566 474 516
737 265 4814
717 636 524
343 797 225
306 3 1146
74 215 4795
781 441 695
282 20 1512
4 219 2376
183 752 3522
663 166 47
270 484 907
81 317 4941
958 174 4136
661 980 954
105 740 777
716 979 3868
24 738 1088
685 760 4279
9 171 4759
695 153 510
978 530 4498
459 681 4912
749 201 453
4 444 4638
715 612 1555
555 181 3168
766 469 3167
952 300 2286
423 795 3773
492 256 4229
711 775 2153
688 175 4281
730 559 1759
601 462 103
746 336 1728
351 400 712
351 410 3366
458 443 34
413 151 2173
31 799 4129
186 400 637
955 625 2761
396 622 1765
918 225 3229
220 806 1139
963 49 2732
544 84 167
154 763 1537
935 7 1156
128 36 1339
920 244 1333
48 370 3992
987 468 802
986 235 2604
957 854 4542
786 262 4863
447 874 2892
222 165 2058
251 780 4922
384 647 1442
386 713 3582
523 752 38
742 48 2718
633 112 941
788 489 459
994 899 4123
763 141 962
154 507 1125
464 112 4208
18 491 933
240 835 257
318 708 1560
933 26 4282
498 116 4722
822 191 880
543 857 2082
580 304 2906
35 834 203
845 779 2074
20 17 2523
395 981 3911
733 263 3733
63 706 1402
155 677 1166
363 604 740
201 398 3684
745 303 297
457 964 1082
574 982 3595
383 121 4591
143 790 194
112 866 4310
141 403 1497
985 888 3130
79 859 1532
561 219 3105
504 160 1643
520 578 1120
56 723 199
403 603 1817
854 809 2361
989 416 1936
171 656 4514
419 865 2181
390 142 3033
835 279 513
690 800 4092
940 533 580
375 698 4078
156 157 2705
648 712 3336
297 223 1583
324 82 3658
842 360 3811
104 446 646
176 777 2565
916 556 3129
87 563 2319
489 549 1687
546 471 3719
472 617 1663
614 593 3319
129 404 152
209 781 1387
773 947 3925
532 894 3240
250 201 2570
121 825 1525
53 83 2118
402 707 2885
754 810 4600
426 50 586
928 549 4256
812 938 3994
926 565 2970
909 656 3255
343 365 3777
647 26 2352
841 345 2897
269 885 634
675 582 1759
895 501 3141
368 372 2300
296 91 4304
923 144 1940
559 519 1110
97 263 3705
607 152 487
421 266 2553
541 9 4015
717 423 2487
907 327 1341
638 865 2874
397 558 1283
899 438 3315
385 64 3769
876 681 3665
572 428 279
326 825 776
751 186 2240
963 409 3702
928 159 540
913 43 2212
423 982 3603
366 636 1559
143 130 469
1 579 1848
83 319 3495
232 253 1715
374 702 2406
739 633 1144
330 625 1989
290 802 2213
499 159 662
38 847 1043
587 191 3875
815 174 847
589 365 4495
563 710 4268
888 592 1668
694 168 2220
746 600 1683
196 662 1905
885 540 2804
687 991 4082
969 263 3081
531 227 1091
529 930 4847
473 195 446
962 497 1569
996 852 2599
916 789 2202
187 932 2058
988 845 692
980 350 3436
538 80 1026
584 398 4556
853 414 4360
203 81 1109
871 863 3596
79 239 2592
359 922 1635
311 457 4496
28 240 4453
835 464 4168
433 85 758
162 288 383
529 89 1011
744 515 4081
539 793 3852
950 18 1678
331 970 1299
751 253 33
799 88 1179
776 762 1190
616 45 109
820 596 2688
709 460 1035
266 252 2241
866 909 3614
932 642 3692
6 462 1301
188 2 3758
569 980 348
259 155 89
67 413 3205
869 570 3255
787 104 2455
967 723 1000
799 105 540
421 984 520
616 384 167
566 164 2693
243 575 2023
950 57 2577
977 763 1737
55 463 4975
840 814 1324
396 448 2639
202 513 102
271 225 355
242 203 4559
866 404 2632
657 166 1781
113 1000 826
244 578 4696
615 354 325
725 171 8
891 991 1636
287 870 1791
576 280 644
330 303 197
750 662 4755
991 802 1075
142 826 942
220 565 4294
302 381 84
952 247 2271
186 760 77
827 126 2020
170 451 2802
749 632 4591
87 103 2513
758 746 1799
957 739 2157
33 980 4346
137 656 1292
899 74 4313
37 719 4451
617 539 2664
100 678 3868
14 585 2524
147 463 1693
970 732 3550
615 764 3944
224 140 2274
804 683 1357
144 61 4600
650 367 4727
162 246 700
110 591 4949
511 484 2487
92 455 300
731 265 3717
766 455 1378
886 885 4899
714 173 4037
406 49 3640
857 396 4339
561 236 2035
164 191 4662
488 762 1678
585 751 4340
989 13 666
177 783 1561
225 436 4069
634 619 3895
266 497 4868
886 390 4968
688 293 1022
69 943 4340
108 35 2490
18 627 1629
861 888 3871
404 333 3431
754 483 1019
660 977 2553
569 931 305
814 829 315
708 882 3436
896 864 2386
369 454 4602
804 990 2197
718 726 3514
840 211 3098
283 722 2733
485 942 4307
410 431 3653
231 26 509
152 96 4968
822 87 693
878 467 3735
499 584 4587
475 403 1760
573 45 3612
722 687 1397
211 736 870
969 872 1233
639 334 1362
613 454 3646
69 916 285
882 156 4072
176 569 546
872 198 2618
669 79 2218
199 933 3412
34 275 1449
763 600 3181
931 908 4976
101 589 3466
177 758 1083
895 503 84
683 206 4496
576 443 577
422 187 3490
380 597 2359
74 890 2741
844 916 4798
449 137 140
196 513 1161
870 433 3254
809 66 777
676 750 3604
184 68 1332
351 643 3619
901 522 2655
765 318 3851
130 142 753
556 737 4619
734 932 4530
828 819 1327
579 452 4526
256 570 1276
656 174 198
117 356 4204
150 44 576
118 577 2899
740 161 2405
78 441 2706
228 892 2276
514 564 3927
866 8 4950
588 814 3439
346 510 1905
113 584 984
273 557 1706
531 517 2253
32 759 1464
443 820 1357
909 397 1368
940 10 3478
396 858 351
887 276 1670
448 710 545
556 89 1998
431 904 346
967 287 2342
52 671 358
529 739 2449
846 291 108
590 931 1253
520 889 3880
175 882 3870
499 522 1845
710 135 4860
593 172 4505
692 552 76
933 246 764
973 105 209
684 940 786
463 87 1939
214 509 1568
426 242 3397
90 325 781
88 597 2389
220 607 4825
604 559 1051
203 299 3052
51 798 2990
43 687 4828
59 778 2891
381 494 1194
438 87 2545
305 779 4327
778 265 4431
935 245 2968
948 448 4188
562 38 4554
132 349 4229
554 178 923
202 338 958
253 397 3783
767 525 190
120 246 1189
82 274 2383
774 504 3732
854 148 309
919 518 4928
133 197 2616
662 291 4455
458 641 4419
559 334 3779
238 645 2196
385 502 3112
610 149 3570
867 827 2582
843 267 1566
822 848 2718
882 523 2096
206 334 3360
255 181 2445
380 282 4707
193 987 4710
574 383 3628
997 922 261
971 707 3065
887 480 640
693 815 960
463 812 726
194 343 986
718 180 103
973 147 3238
159 637 3394
111 76 2435
855 328 117
812 365 342
764 853 802
404 439 4337
809 56 2016
265 660 2236
945 356 3209
456 556 327
36 294 4538
150 30 4214
338 419 4837
236 492 1686
940 710 1446
239 508 4810
368 936 2602
208 179 1326
755 163 791
305 558 590
837 762 3977
76 490 4381
47 425 998
439 248 3623
571 90 1473
428 962 4486
101 298 4210
98 492 1110
58 107 3244
702 889 468
597 812 3676
287 297 96
976 179 2932
238 65 2431
632 443 690
205 604 3374
558 650 3606
756 870 3838
623 292 2259
903 54 2797
135 347 2935
956 767 5
253 10 1076
727 717 214
515 890 4534
95 769 4161
214 333 1914
813 742 4216
604 580 217
113 896 2107
41 304 2545
622 491 4685
80 741 1492
531 222 922
747 513 3827
568 121 3963
919 422 3494
849 216 2844
390 463 20
622 740 4765
583 830 4453
367 486 2614
265 495 1013
343 126 513
734 764 4677
360 219 1474
257 111 2534
396 717 2603
686 337 1357
727 613 3433
271 39 137
513 771 274
447 283 2034
714 310 4218
195 565 515
660 708 3577
177 408 3734
123 428 130
929 337 2214
444 147 3689
1 128 4899
25 181 2316
634 65 4269
764 117 4270
845 494 1668
208 127 4658
350 357 390
961 809 4727
770 544 28
164 262 341
960 782 1150
457 23 4714
5 190 2075
996 445 2530
682 923 1065
396 672 712
248 751 661
653 50 2446
593 636 1080
735 382 3493
727 227 2389
580 917 2580
891 858 935
647 893 2235
826 300 2673
497 385 3332
31 799 3607
267 777 320
853 502 966
312 765 207
277 331 240
558 953 3949
510 66 759
114 36 4920
976 935 3843
595 347 4952
422 805 2266
635 891 4709
608 277 230
258 433 4364
355 335 3939
285 243 1583
404 895 488
587 428 4664
876 801 2676
766 351 1879
503 8 2368
576 288 3142
838 990 380
46 351 3402
425 921 4960
904 743 1261
374 38 1118
180 69 2294
81 597 3991
801 810 3009
23 23 2253
57 78 661
705 151 2070
662 628 674
654 573 3071
253 349 4337
306 66 3474
754 168 3011
51 139 1607
993 652 297
817 465 3419
539 254 1020
450 99 1590
245 868 684
201 113 780
275 425 4690
874 467 3323
268 959 2516
554 812 4123
788 508 1373
173 849 601
917 219 2813
241 183 1346
722 637 1922
560 888 4722
379 641 3734
241 166 1543
533 570 339
445 667 4738
454 93 1310
834 247 4296
343 995 3060
223 402 1263
364 135 3619
241 429 1898
283 895 3551
116 195 1894
139 947 2416
64 279 4515
40 578 27
585 116 3177
801 38 2926
222 808 3350
277 606 4281
921 902 1255
462 218 3749
968 848 4591
701 529 4280
800 868 435
456 795 2562
89 834 2414
92 439 4209
919 764 3506
824 105 3507
944 720 4544
242 929 701
975 341 1502
243 952 3545
377 941 2468
352 94 3838
875 346 4288
395 214 2694
838 89 1426
282 927 2915
648 879 3188
295 348 2032
206 970 2283
756 600 385
56 818 902
457 368 901
758 921 1084
832 45 3679
271 323 902
47 321 2463
798 179 3259
511 99 2456
180 223 1191
149 68 3329
447 450 3799
862 497 614
339 258 4461
105 254 4715
235 636 1690
787 397 597
562 548 4590
623 34 1467
980 482 857
24 682 1495
378 37 3233
446 740 4813
481 411 2575
808 10 4087
952 252 815
131 231 4997
245 546 3382
32 704 1471
260 916 679
253 931 3667
945 14 1687
800 1 3518
17 65 3566
64 618 38
525 393 3252
650 283 1548
5 810 1605
534 749 972
467 163 4274
738 357 2480
994 407 4100
163 514 4873
332 336 3428
263 464 1237
670 381 3743
688 960 446
222 952 2013
953 718 3337
135 143 903
356 301 1380
717 941 4302
292 498 1383
802 688 4356
709 582 4153
744 811 3745
141 103 397
853 431 4216
853 840 563
599 27 4979
418 428 4920
218 771 543
547 686 4860
651 560 2312
855 512 4510
55 663 2205
880 747 565
429 78 1747
190 474 3517
956 184 2344
740 226 4621
691 408 724
942 163 507
179 204 999
264 460 4851
784 674 1391
49 39 3757
470 469 1322
125 657 4795
435 118 2722
463 361 516
557 135 1731
124 402 2798
450 91 4549
679 446 813
14 31 1236
504 405 2822
903 434 1056
150 925 761
873 877 2163
586 545 2760
603 155 1154
137 516 53
723 723 4819
244 300 2658
289 745 93
457 709 1906
651 286 1380
424 3 4240
462 41 4649
556 187 4527
27 540 1565
362 705 2522
479 393 3976
900 535 1902
976 544 1752
507 475 761
123 543 183
234 446 1381
693 315 4934
855 978 3514
962 303 4118
675 55 3367
100 515 211
330 105 2993
868 369 321
759 521 298
518 56 2172
519 258 2250
774 715 1631
821 419 690
892 684 2872
185 587 444
426 771 2497
59 464 1494
174 772 4172
318 814 3751
678 536 2471
557 634 2930
403 477 2267
49 136 4385
544 330 4623
261 461 3429
858 536 1877
775 561 3427
455 967 3599
178 111 3483
208 993 1230
548 933 3890
596 776 2420
12 917 686
490 965 1474
463 138 4227
506 507 243
743 384 2873
156 379 2791
276 915 262
123 666 991
213 418 3182
626 316 155
353 539 1278
717 148 3019
769 459 1073
447 358 638
339 405 4568
932 931 4186
466 544 4468
779 781 3962
33 387 1698
873 966 621
741 486 2325
266 188 3818
706 172 2039
522 208 4988
151 722 829
825 851 3888
107 523 729
947 505 1199
834 228 1818
587 225 2619
644 413 1013
613 884 3607
981 532 2776
285 260 4768
284 242 4198
549 561 2176
609 396 1467
6 535 927
562 71 4459
759 84 3825
129 448 3408
779 84 1800
126 538 82
636 293 4814
26 843 317
657 42 3071
103 712 3266
377 602 1516
973 340 2031
411 568 2013
31 299 2467
777 435 4455
313 160 211
309 547 3296
643 798 337
941 620 1416
555 168 3471
809 885 1830
936 901 2458
434 288 3818
482 917 1618
178 623 181
347 224 468
812 596 1599
847 147 4889
471 297 3334
103 745 3099
649 898 4197
939 67 796
513 127 2690
621 549 3161
320 943 670
236 469 4985
528 190 4492
639 663 2319
978 80 2575
257 68 3280
530 823 553
830 490 1771
945 504 4904
675 979 70
213 740 2005
701 182 4434
839 638 389
831 177 4230
190 18 1279
478 47 4601
273 493 2468
138 8 933
657 902 4630
51 434 4055
638 123 535
228 140 116
164 443 3189
576 488 3310
226 623 2140
25 929 1564
175 962 4853
152 455 3010
911 781 4322
723 69 3957
662 243 3393
717 598 3272
437 780 3494
668 343 2521
321 260 3703
908 673 2979
40 498 3366
540 558 4031
426 127 1781
240 157 803
283 343 2653
6 439 4538
369 697 617
653 93 3384
51 639 3576
416 825 1235
756 9 1117
193 382 2246
382 204 3519
506 834 84
258 350 378
695 439 601
125 187 4167
967 15 3224
849 813 4763
852 220 2691
47 358 2790
34 359 703
333 865 1701
878 372 2883
983 307 2072
443 697 1030
92 611 4965
249 433 2185
744 579 2154
739 318 1222
415 636 673
396 448 2231
894 142 756
820 129 324
362 321 1531
884 169 2107
200 500 4883
573 702 2522
727 95 3690
943 367 4203
253 103 135
444 16 1229
904 568 11
764 235 3944
132 880 3369
605 246 1702
699 237 4624
554 358 2350
472 256 729
619 359 1069
890 804 799
222 13 4483
466 177 4534
36 461 3043
546 708 3181
481 9 1846
57 403 1239
370 248 774
27 831 2108
146 239 3314
263 307 1089
864 116 1363
265 224 4730
784 756 2116
156 433 1512
761 597 4663
402 645 2354
610 180 1217
432 42 2907
624 832 3407
176 615 1224
843 533 2492
525 454 994
83 821 2266
184 383 2937
840 615 855
475 794 403
626 156 3323
572 363 4313
68 750 1432
871 633 1045
127 148 2995
365 362 1040
407 658 3350
533 135 707
366 571 4383
685 685 2759
306 837 1436
940 598 1045
800 642 1702
811 679 2302
703 6 1101
483 845 2627
866 840 3814
599 951 969
503 950 385
522 630 1675
52 633 3232
800 747 116
635 120 1927
875 551 4316
583 439 4409
571 959 683
608 701 2956
562 787 4746
758 313 546
502 551 415
133 424 699
130 970 3124
792 19 1387
205 785 1621
126 527 2381
753 527 4140
461 822 2563
637 70 2472
118 451 4980
758 808 1998
1000 568 1124
358 243 3593
449 376 4523
913 484 2756
53 495 3237
141 340 1877
281 928 4312
515 824 1985
747 833 2280
346 1000 343
130 500 3357
464 587 1555
707 374 1965
630 451 1223
775 421 1819
657 291 2894
978 674 1111
808 856 3155
638 337 4937
301 495 4790
147 421 1486
882 574 4044
418 145 4988
442 647 2924
577 372 1860
431 813 115
528 489 4375
400 441 2773
76 981 2013
487 457 3693
204 656 3317
582 918 1446
554 646 265
446 158 772
453 571 2460
105 252 1371
937 118 4556
136 100 471
839 164 1133
473 93 3961
610 288 528
240 349 1804
760 537 3066
301 456 4130
928 652 4945
851 917 932
677 481 3967
297 743 2009
513 536 1929
448 58 2727
854 561 724
294 569 4958
492 303 254
698 61 3737
71 687 186
219 514 3548
788 527 1849
585 320 2525
361 325 3997
866 712 3976
524 616 1104
821 153 3312
113 578 1097
373 934 515
820 75 1103
795 157 4080
847 181 2936
953 927 627
356 753 3514
732 193 2733
938 915 2379
91 947 1246
503 173 3463
220 229 160
170 770 647
130
526
184
777
459
538
775
250
