500 900
19 54 32 853 52584
36 89 28 59 69200
385 954 25 262 19433
234 582 46 528 3520
581 823 14 960 46415
551 918 29 548 65177
255 285 5 881 31071
671 756 24 909 97007
441 822 32 448 95222
160 893 27 810 64939
106 871 40 825 69179
19 50 24 976 89287
115 566 17 761 73237
881 976 25 914 30206
673 796 30 843 39679
304 359 42 440 81853
23 269 27 35 81848
240 975 37 470 61982
153 572 24 139 70719
118 303 46 1000 50582
326 827 46 628 6559
810 890 21 492 50605
535 815 24 358 98375
69 999 19 839 71054
704 990 46 947 16636
204 814 21 332 52223
446 940 37 985 59474
77 568 42 914 61938
331 370 24 934 96921
399 963 3 702 2748
418 614 16 937 31636
172 416 10 465 67974
265 500 38 246 61615
225 862 18 122 88802
850 952 42 200 73649
343 481 35 942 89408
464 841 34 366 42767
254 534 20 638 99776
539 643 28 463 34627
656 864 19 985 53834
263 486 9 463 42109
10 351 11 987 6141
19 691 50 46 81560
739 799 7 6 16324
15 798 26 470 12240
412 762 17 560 7791
219 654 3 22 70161
264 500 46 285 97056
865 983 40 381 86643
185 509 22 830 61604
341 740 12 320 72549
124 248 20 65 52132
402 419 27 150 26535
445 666 18 458 42300
521 667 5 707 6396
8 39 46 90 69516
184 670 14 435 88863
44 588 4 79 95661
422 430 27 153 18773
543 583 32 668 27078
926 972 24 65 27554
91 710 39 665 46430
304 687 24 930 75296
372 562 17 166 41172
289 808 50 736 81965
222 811 48 955 31788
448 666 12 656 516
202 443 39 851 6701
438 448 4 340 43215
37 212 8 10 14537
49 910 30 234 30650
327 683 28 476 18267
67 890 48 903 13515
464 909 16 55 3800
510 943 36 26 22896
546 688 34 75 62814
69 261 41 870 10937
89 999 7 305 48466
388 865 36 302 999
560 724 19 314 86696
47 476 9 423 74149
321 633 39 481 4931
236 521 22 546 8278
243 411 33 762 29760
151 411 23 65 63342
630 632 19 396 8717
509 532 41 4 5765
24 25 3 53 43360
328 693 35 644 39689
418 948 1 741 9573
445 697 9 895 18130
226 739 29 221 854
70 768 35 629 18971
113 877 1 696 92273
272 928 14 537 75408
549 976 26 282 57574
852 874 12 75 36451
183 248 39 328 9776
129 473 46 309 29667
390 856 23 728 82951
343 772 26 380 53262
127 460 19 362 89362
17 241 6 802 22341
86 401 28 718 96834
89 525 17 673 46752
75 793 40 807 73276
442 449 13 530 2787
226 956 6 912 10870
809 975 10 838 94994
517 929 15 702 77637
453 748 49 92 66241
479 682 8 14 19222
415 905 4 27 61710
188 741 24 591 54588
308 678 19 330 94642
410 827 27 667 45609
242 685 7 518 40725
552 625 1 586 84160
968 977 19 867 17921
14 957 42 654 41065
334 384 26 54 41017
784 903 38 758 43909
188 462 48 570 18155
32 336 17 773 58212
380 704 7 929 9348
172 314 40 810 36502
785 816 30 165 24387
784 872 33 693 96575
5 453 44 664 62351
135 722 31 120 87213
352 956 30 264 18028
35 49 43 851 82126
525 955 44 406 98476
216 353 31 29 42269
235 690 43 375 65730
203 335 30 623 14429
851 947 23 260 99197
32 264 30 794 26281
414 996 12 871 59890
252 811 15 596 48010
345 908 44 735 62650
194 479 43 286 45930
515 636 2 910 83837
533 645 33 913 57737
639 822 19 64 21198
207 927 49 521 94957
21 82 33 239 81402
533 861 12 778 49119
86 271 35 844 53306
247 682 38 538 86771
97 207 49 79 93360
12 208 26 687 31175
818 837 13 458 35698
1 164 1 459 13903
875 882 28 10 92096
142 881 25 228 4848
179 832 31 616 31579
237 767 31 608 4395
203 711 2 575 78169
147 996 26 8 73916
420 828 12 253 57075
724 996 37 331 68420
501 768 44 199 55105
314 629 9 871 22723
252 347 14 504 58953
709 926 9 587 11337
99 205 45 738 38611
617 664 48 592 66830
57 663 32 568 33632
364 388 27 168 88928
781 924 7 650 52988
222 814 9 270 96476
439 508 31 626 48561
130 414 50 665 69697
370 490 32 54 38717
367 834 8 787 88801
174 468 1 471 35494
478 609 47 30 30424
559 758 43 553 83596
536 962 5 377 95074
479 573 45 827 66656
595 883 4 766 32744
609 814 35 552 44467
19 830 47 664 45754
856 961 20 271 21105
680 760 50 746 96675
167 522 33 400 11311
357 413 16 19 50168
112 353 44 519 82018
858 883 30 160 92178
575 694 32 349 96402
460 608 23 930 9055
22 295 4 661 90671
78 325 13 18 83379
45 418 49 988 79778
641 692 17 121 52356
118 376 32 180 52902
730 952 26 900 56406
475 505 29 386 71544
80 532 42 415 62580
346 600 43 782 31147
205 271 3 841 22048
142 964 10 162 86273
130 164 37 65 18315
139 224 8 686 69079
626 642 28 791 56040
464 594 45 460 16064
719 755 33 877 24638
290 462 45 527 1877
226 602 39 998 94557
295 316 37 72 94506
107 189 39 159 7506
78 661 43 803 91748
181 658 25 141 83741
169 390 16 607 38153
184 786 22 679 69763
255 947 20 173 65496
283 571 17 837 38527
627 970 15 226 63770
524 838 26 48 98174
86 266 18 752 84504
181 535 11 244 16075
156 691 33 73 67791
119 950 34 939 10439
419 944 1 637 2369
149 582 25 715 69116
118 291 21 902 63437
314 790 17 891 14931
52 137 22 113 35010
536 661 12 777 73733
382 523 21 583 93199
67 873 41 190 22863
494 526 39 340 5342
283 338 14 838 59113
302 941 24 832 11169
47 133 1 834 53880
335 531 13 980 82573
11 249 39 32 41121
267 542 48 62 90054
798 971 32 365 75521
313 350 13 920 3227
948 994 43 610 9850
23 939 15 77 45523
79 794 24 60 99376
665 785 13 685 45031
737 755 46 295 23189
112 304 19 323 19570
12 637 41 534 2496
156 945 28 116 75238
60 805 5 339 165
451 902 47 618 20768
207 967 35 694 25505
383 673 47 794 86270
349 473 33 59 5076
106 672 11 98 10159
342 452 44 276 97524
223 755 23 638 11339
657 974 35 769 15550
153 571 1 509 22948
132 396 31 411 25296
341 375 3 631 30845
631 806 24 553 99445
82 420 13 826 8730
635 925 34 133 7039
258 549 10 140 62775
431 460 49 894 44603
719 789 36 738 40925
10 470 33 67 72577
249 417 16 330 38162
119 722 32 109 88523
14 290 30 798 89392
239 910 33 86 46376
99 803 33 234 69592
466 947 33 800 17169
131 934 24 727 79112
1 94 26 137 20123
608 834 33 40 37482
495 975 12 565 69229
339 967 12 316 73678
38 437 6 323 12500
722 966 33 996 42363
422 858 8 109 62356
422 681 38 520 62977
619 925 46 858 79681
153 854 24 61 69330
506 931 45 614 93519
217 796 32 417 28626
125 655 31 11 27878
34 351 31 129 332
181 610 39 889 67066
76 84 6 82 95238
360 397 42 612 60121
627 698 8 767 13143
129 224 2 748 53510
44 160 11 897 54104
187 702 37 626 27301
520 906 12 373 75224
623 757 30 513 95575
59 938 18 466 17908
86 145 49 139 23752
43 159 48 154 54150
109 390 36 37 43463
42 270 13 195 37373
301 896 5 277 72885
261 496 18 101 60141
697 887 16 218 6241
253 700 11 814 26663
401 760 44 788 73715
73 434 50 420 60076
129 780 30 638 21703
71 276 19 434 87454
896 970 18 905 81020
222 622 19 782 31415
414 735 18 466 25932
379 458 14 714 85406
39 455 30 973 17535
554 743 2 313 46454
372 797 27 979 26747
937 976 39 668 75480
73 601 6 618 64478
347 942 25 389 44996
124 961 39 780 22574
558 614 48 668 29939
17 444 32 723 57968
20 202 47 959 7473
320 938 30 874 30232
397 893 5 6 52585
452 770 34 479 1184
0 869 24 64 98368
589 669 31 839 49148
462 817 18 687 62726
308 623 9 482 25996
244 311 46 635 77898
215 266 7 304 94931
577 799 19 541 48045
439 658 4 179 85384
361 804 3 162 70457
536 615 11 855 1578
504 513 11 858 90514
286 522 16 535 93176
84 280 40 625 89389
313 495 2 386 25858
21 769 19 174 27809
31 967 42 493 69242
818 853 40 601 36123
167 414 24 90 73358
516 783 42 34 95829
221 955 13 1000 71929
112 474 31 151 34121
493 653 49 524 71864
194 411 47 149 37730
196 456 30 632 72251
9 144 23 171 46195
485 786 36 83 75644
1 319 7 539 96748
440 594 23 497 4564
218 573 13 953 93930
258 445 45 92 9515
855 873 29 297 40141
424 672 24 843 66288
190 420 25 755 87631
369 845 12 257 4330
574 876 23 930 19443
27 177 41 936 95886
65 803 5 653 71228
166 230 36 975 44625
835 901 30 477 17600
742 932 42 513 26911
105 133 36 280 43292
780 791 16 784 16621
604 934 26 548 67593
175 901 43 545 91531
125 632 14 464 1678
667 709 50 553 5246
461 603 42 503 90711
677 961 37 889 58412
204 792 38 654 70214
20 534 29 837 96409
93 901 13 895 45800
299 619 45 26 25105
514 745 15 870 12331
570 812 18 264 48806
678 900 22 267 34895
203 345 49 6 63293
340 342 2 521 37754
607 902 48 157 83363
262 975 34 495 5168
283 866 24 935 72933
763 989 8 77 39906
57 592 6 561 320
586 821 28 904 5573
287 632 14 574 89334
715 980 45 528 7750
241 651 5 86 23650
403 690 10 561 8668
356 372 14 238 19244
434 964 11 801 21630
89 993 10 361 57824
269 613 37 769 34614
61 459 12 398 85980
250 780 9 271 57878
401 547 19 51 10344
161 746 50 683 60234
211 369 30 283 92747
148 203 3 424 6286
52 456 23 364 79707
115 585 25 797 52128
358 668 19 835 60596
446 835 4 715 60120
560 917 13 547 17677
412 845 27 609 17623
484 910 11 243 40999
742 839 15 582 88509
284 915 32 392 91910
242 949 48 191 30271
63 825 35 683 11588
743 780 23 313 44248
37 803 36 58 15588
412 958 36 344 99487
274 633 16 964 56164
437 462 20 473 43545
232 991 33 977 49782
319 728 36 685 19312
119 515 2 9 91504
266 914 12 214 30500
143 665 12 766 73346
499 557 17 830 98176
417 825 18 995 78184
796 901 12 86 16335
186 843 1 422 36224
358 694 35 59 47856
298 336 31 195 5630
38 441 21 304 98792
109 804 27 658 61725
261 895 7 367 49015
334 611 22 508 77080
84 270 25 193 86829
26 865 27 212 51844
199 333 45 518 2308
106 717 25 760 48765
873 985 21 553 34798
690 732 7 988 74693
304 368 3 54 68093
27 369 17 607 58381
70 302 26 173 37513
209 751 33 207 6407
150 274 49 607 31007
57 86 3 723 88962
593 613 40 673 52954
405 610 46 174 14071
190 801 13 109 48946
370 388 39 545 58532
339 756 9 919 40278
217 650 19 103 67829
496 961 42 577 58993
25 437 8 618 94629
114 273 29 77 93303
187 640 22 576 38677
51 103 45 706 16152
33 131 32 889 72729
17 919 42 699 5357
496 574 17 150 62448
754 846 40 662 94215
60 416 37 562 48054
170 562 42 381 94760
174 207 9 568 42775
684 799 16 860 693
343 862 31 524 69510
179 902 9 275 78924
461 992 15 582 17935
203 447 49 365 13842
676 955 20 67 40809
150 400 24 162 77615
340 610 19 702 15984
560 753 8 98 28670
749 858 22 671 15153
299 433 26 26 11903
566 877 11 842 98726
102 870 20 860 65935
138 152 41 547 96485
465 777 47 329 32825
227 499 33 216 13524
0 79 42 770 90670
170 183 30 695 50271
188 886 33 271 74867
335 540 24 201 77580
51 467 15 735 21306
404 979 24 238 45005
529 610 42 952 2803
64 225 26 466 98231
583 822 26 153 73668
625 635 11 57 84499
355 836 25 406 56182
181 337 5 783 28563
130 504 13 651 24625
387 805 42 994 6119
302 654 18 164 10570
120 609 5 523 14928
364 821 23 515 94011
146 436 43 521 18292
