100 4000 100000
7 99 67
79 45 57
64 22 60
82 26 55
31 61 96
33 86 77
46 32 74
18 2 96
22 26 66
9 92 56
4 35 76
97 55 81
52 18 59
81 75 53
42 41 51
65 77 51
3 40 52
57 25 54
29 39 68
85 25 90
56 62 57
51 80 84
6 3 82
74 93 89
51 4 87
64 30 62
68 46 63
10 96 73
45 89 70
5 21 51
95 1 83
98 48 76
35 73 58
92 35 68
52 65 59
53 43 69
73 96 74
95 65 76
15 60 51
84 90 84
52 46 69
59 25 85
30 85 89
84 55 76
12 46 75
67 97 99
39 77 73
12 16 85
56 16 71
23 18 63
55 1 96
42 28 52
80 89 91
17 17 56
97 25 76
34 14 84
40 19 65
7 33 81
59 75 72
41 27 70
68 49 59
79 59 100
32 25 70
35 45 82
95 76 85
9 49 75
26 49 71
32 61 73
84 8 100
53 18 98
13 24 71
14 16 90
26 16 97
43 15 61
7 94 64
51 57 54
43 58 68
23 88 89
98 58 66
21 56 78
94 59 86
92 41 96
67 27 70
79 41 79
75 21 56
71 41 83
65 83 52
55 38 89
76 80 51
63 36 68
49 3 75
20 69 69
4 49 80
45 26 75
27 25 57
28 51 92
64 9 63
57 75 83
57 86 52
38 13 98
98 2 54
67 46 57
23 57 88
31 98 86
19 19 78
74 67 84
57 70 51
70 6 95
13 29 87
72 33 58
38 59 58
8 49 68
79 85 75
56 52 62
81 21 70
96 18 83
73 34 88
70 28 59
59 79 82
77 99 67
39 74 71
18 81 95
3 19 100
40 27 56
50 38 85
51 15 56
46 26 84
87 26 72
36 79 75
52 92 57
83 53 52
12 66 82
21 87 72
19 56 88
78 64 84
17 54 68
84 30 61
79 7 63
9 21 67
63 80 67
62 53 51
2 18 59
89 19 97
27 60 75
73 52 64
88 17 95
94 26 96
52 33 73
92 64 61
62 75 56
31 55 73
84 15 82
99 93 71
9 43 50
68 9 94
62 34 72
75 91 98
73 90 78
23 95 67
20 29 70
55 20 66
6 41 71
12 44 55
20 46 71
54 66 79
63 46 67
5 62 96
27 4 80
80 2 96
81 32 51
49 10 94
90 49 92
43 64 72
15 67 99
73 44 94
77 27 60
20 53 74
73 95 59
10 1 97
11 5 59
67 60 95
98 20 73
49 71 69
73 29 67
27 71 66
55 22 50
44 38 99
50 88 53
79 65 94
6 63 68
26 34 73
11 88 77
56 11 90
46 80 60
48 93 52
76 12 52
82 75 94
60 86 80
54 80 55
10 86 96
11 62 81
100 60 91
21 81 51
47 33 67
88 88 54
43 78 50
84 22 70
41 24 71
46 70 60
45 57 90
28 7 80
32 27 98
90 8 100
78 45 55
26 54 91
3 1 76
93 24 68
99 7 93
62 6 89
92 92 69
71 84 65
11 70 62
27 89 70
84 89 88
46 92 51
18 76 79
36 74 77
84 100 94
4 14 73
97 69 70
85 67 59
15 63 95
9 78 80
90 66 63
99 19 100
94 54 70
40 9 71
50 46 74
24 31 71
77 63 57
72 6 77
67 3 61
74 33 54
12 68 71
22 8 71
66 90 98
30 56 92
74 66 97
39 90 54
49 78 79
65 46 65
62 81 57
69 67 78
1 13 53
53 42 61
80 8 74
80 72 54
74 44 51
83 64 69
38 38 68
36 71 66
58 87 78
45 62 52
6 42 90
48 56 97
96 88 70
56 40 64
9 46 91
36 15 87
88 75 70
43 27 86
89 99 52
1 63 60
29 91 90
87 58 72
33 81 92
47 14 57
75 47 82
84 63 86
87 21 68
16 17 78
42 23 53
25 4 57
65 79 85
26 69 54
68 95 55
59 95 95
52 54 87
22 71 99
42 54 65
60 69 77
69 56 77
89 64 54
32 42 64
62 73 98
11 93 85
83 26 66
45 59 59
26 82 51
88 69 81
40 86 72
93 13 100
50 97 58
93 14 59
91 91 67
78 59 56
73 100 95
89 47 61
77 41 55
11 36 100
98 100 100
70 87 66
18 60 61
62 93 89
33 59 77
42 38 55
48 41 92
86 55 64
6 39 71
12 48 66
50 25 97
42 51 58
93 72 89
54 4 74
34 52 88
59 27 77
31 63 82
52 70 53
39 1 99
90 9 83
61 19 63
36 100 62
90 75 93
87 16 58
58 57 54
78 80 66
41 35 86
51 13 53
40 75 74
43 93 57
14 89 68
64 42 75
7 48 90
94 39 57
59 73 58
52 74 69
57 16 66
17 93 62
89 77 75
32 31 88
35 28 82
59 12 54
79 61 81
68 93 93
74 86 68
84 11 79
57 35 69
32 62 86
25 29 78
6 80 89
57 19 95
55 42 71
14 56 94
92 30 98
34 35 78
18 68 73
31 70 80
50 91 87
22 41 84
43 98 93
77 14 53
37 44 78
31 88 80
49 80 91
97 30 71
53 79 96
63 100 74
19 73 64
87 18 76
96 25 55
52 50 96
43 46 84
40 17 52
56 4 78
88 29 87
76 83 72
99 77 68
22 79 83
52 84 58
95 40 54
45 34 86
10 93 75
38 45 68
98 62 74
39 8 98
95 59 93
4 93 83
47 35 93
70 48 79
34 60 79
79 97 88
64 27 98
68 58 67
33 5 69
64 6 73
18 58 54
39 10 92
94 31 53
99 75 97
27 97 75
65 28 81
71 47 58
37 10 53
16 6 76
37 100 76
43 45 58
38 52 76
5 79 81
36 49 91
3 99 55
24 80 56
84 50 52
34 85 79
58 14 64
55 48 72
11 47 76
78 43 95
7 79 64
8 87 76
66 28 75
76 15 84
41 82 84
35 17 82
39 99 74
85 20 57
48 6 94
76 17 90
10 9 64
71 96 53
29 68 94
11 79 97
83 37 54
77 83 88
8 11 94
21 39 73
82 66 91
23 9 53
32 83 98
74 88 87
44 24 63
67 71 71
19 95 90
1 55 78
56 70 60
6 76 90
32 20 91
77 49 69
8 67 69
83 59 91
17 57 91
36 52 100
57 7 55
80 5 81
36 11 88
10 42 77
45 63 51
77 7 77
34 33 56
61 99 88
28 41 70
54 10 65
49 39 76
78 77 67
52 86 79
13 50 59
26 31 93
14 54 57
36 78 95
83 83 70
63 59 86
47 26 77
43 66 79
1 71 58
66 66 59
26 56 85
65 33 83
17 68 96
86 57 81
60 9 53
84 87 82
69 1 55
40 11 62
91 64 55
1 82 94
10 40 97
43 28 79
62 26 61
22 89 57
7 73 75
12 23 50
64 28 70
37 90 62
51 89 93
62 87 65
87 95 57
27 11 92
79 35 66
67 31 70
56 37 67
13 20 97
77 65 78
15 46 78
21 12 73
46 39 67
45 15 68
67 11 61
71 74 66
18 94 100
16 64 52
10 85 57
57 2 54
81 9 92
78 71 82
67 62 78
1 36 97
30 57 52
97 4 57
55 66 94
67 100 91
52 56 89
99 67 79
75 81 68
21 41 82
55 16 69
84 32 56
21 72 89
96 94 70
37 27 83
32 22 88
33 80 76
8 91 99
56 9 53
93 57 50
3 25 94
32 71 76
8 33 71
9 29 74
70 8 92
31 39 79
9 17 70
93 34 91
55 3 58
54 13 61
16 45 55
41 94 58
84 14 92
71 76 70
63 58 92
13 1 91
44 92 70
80 84 80
74 4 59
1 26 70
96 38 91
75 68 96
84 9 75
98 35 95
31 95 79
90 30 53
62 61 85
79 22 84
93 40 98
3 45 68
90 37 53
5 66 94
1 80 53
7 22 75
26 53 76
24 59 86
47 58 92
1 66 87
100 52 86
37 41 55
54 33 99
66 19 99
15 69 73
77 72 77
96 27 76
52 10 71
46 83 70
100 80 72
9 54 98
6 68 70
88 33 89
76 98 68
36 4 74
4 97 86
42 60 82
100 85 85
33 84 55
29 4 54
64 23 79
4 17 74
55 50 86
95 75 96
66 18 66
28 19 61
32 12 55
100 83 60
25 54 60
75 69 60
15 90 87
62 91 55
43 57 74
62 79 81
27 68 80
76 69 73
6 87 56
25 60 91
16 3 60
71 56 90
42 44 57
6 94 91
55 81 70
79 91 63
89 94 89
12 89 100
5 9 57
67 21 59
88 50 55
85 64 67
38 94 58
3 33 81
92 75 57
85 89 62
51 55 57
46 76 78
32 80 97
45 56 56
64 98 75
53 35 56
35 75 97
60 50 72
85 15 88
54 83 81
52 3 66
1 92 64
60 44 66
12 56 86
35 32 87
4 22 74
7 64 96
76 16 100
25 66 91
65 94 81
56 76 56
17 51 89
80 14 99
64 54 63
76 93 64
1 29 71
96 86 67
72 16 69
84 97 74
47 12 82
28 2 76
30 66 69
30 7 89
80 26 59
20 50 77
57 81 52
93 65 51
7 70 93
77 39 53
82 17 52
76 35 100
14 32 81
93 68 85
10 41 73
3 44 92
50 65 59
96 65 90
68 87 65
85 4 83
55 100 77
50 15 93
59 3 91
48 33 88
47 18 87
66 94 52
16 66 87
74 63 54
82 51 64
6 33 73
74 90 78
20 98 86
56 77 76
8 73 73
96 55 96
19 6 66
66 50 93
85 79 88
49 23 93
79 60 54
22 53 50
94 94 51
1 32 52
31 81 54
58 7 74
79 6 90
17 29 73
27 36 66
19 10 98
6 95 88
91 97 100
35 5 86
84 54 64
25 59 86
85 86 81
89 14 68
27 27 59
59 51 86
89 65 82
4 39 57
66 49 84
69 74 72
24 74 71
91 30 86
70 72 64
21 84 62
55 80 52
92 13 81
22 36 68
29 51 54
14 62 92
84 12 97
49 37 66
4 76 91
28 15 96
52 11 90
94 30 77
48 23 89
90 3 73
31 48 60
37 69 68
96 46 55
63 14 63
89 96 76
12 14 71
74 78 71
66 47 97
71 18 61
90 93 92
93 95 78
55 19 70
94 52 57
69 68 62
34 96 59
83 23 60
2 72 98
97 85 67
14 5 87
14 87 64
54 71 67
21 38 92
64 77 81
65 64 89
22 64 90
14 47 85
88 23 93
22 47 93
37 25 53
7 39 65
82 95 95
35 33 74
44 86 74
47 57 80
74 89 74
60 84 77
55 73 85
80 41 83
59 30 54
12 75 58
86 44 67
30 63 57
92 16 81
3 37 60
4 63 59
27 48 77
56 20 82
16 67 57
94 70 50
40 68 82
4 40 71
11 94 64
39 65 63
73 21 86
100 6 66
89 26 53
1 75 95
53 41 58
95 81 98
89 98 84
76 40 82
95 14 63
2 56 56
58 55 75
98 69 85
66 92 75
83 96 83
19 46 73
20 39 74
66 86 95
48 60 82
20 37 58
32 50 71
83 38 68
16 24 65
53 48 95
28 90 82
95 6 89
34 98 58
21 74 68
17 73 65
74 77 77
88 73 81
4 94 85
16 71 94
72 67 87
56 91 72
13 13 71
83 13 81
23 69 86
18 18 89
96 57 72
14 92 68
33 57 53
53 28 59
95 42 61
20 28 91
72 2 75
77 86 54
40 7 72
87 53 66
71 7 96
36 94 91
86 42 61
55 69 56
75 52 67
42 96 85
54 47 84
75 65 58
64 15 84
70 26 96
52 75 60
15 35 62
7 80 78
75 28 70
59 56 100
60 77 90
10 29 69
11 3 97
54 62 89
27 70 94
82 94 91
78 95 92
37 42 100
96 26 61
50 94 62
19 82 56
13 69 76
67 39 50
10 73 73
71 38 83
86 18 89
53 37 74
70 38 50
49 99 83
42 21 95
80 75 83
69 19 52
100 46 73
8 92 72
50 100 95
20 51 95
63 5 88
50 49 89
63 38 71
78 24 63
15 23 72
82 12 55
23 6 92
98 52 70
55 67 62
63 23 55
59 81 86
94 60 95
67 66 54
36 40 61
32 38 64
63 34 52
12 97 71
70 63 78
10 46 50
12 5 89
65 60 60
80 47 83
63 44 59
32 34 75
23 16 64
12 61 53
58 25 87
21 25 78
12 18 78
31 62 87
24 52 63
5 20 84
61 47 93
75 31 67
79 100 89
25 50 85
64 33 96
28 65 87
66 99 99
89 52 63
28 80 89
19 44 50
49 65 85
40 14 82
55 27 77
62 64 89
78 34 88
66 17 51
31 19 60
17 14 53
46 1 99
11 71 83
19 28 80
4 59 75
8 6 86
35 34 96
69 99 65
70 13 59
2 34 71
48 12 65
30 68 82
5 15 71
19 97 74
75 9 80
54 96 55
82 58 61
18 80 78
98 79 92
6 6 73
65 48 83
85 21 63
65 66 98
9 23 88
77 85 99
44 5 83
78 23 52
5 55 63
73 31 86
35 50 85
91 33 68
72 5 50
84 40 94
100 66 75
33 97 54
14 36 90
4 36 89
92 67 86
66 44 67
71 95 57
93 93 50
65 4 68
40 96 80
26 100 96
13 71 80
91 11 99
29 7 54
87 47 70
59 37 98
90 42 74
22 88 85
58 60 79
81 99 99
26 42 64
49 61 82
8 19 96
3 63 65
81 50 89
88 47 58
77 50 92
80 38 81
66 53 88
17 78 57
48 63 73
54 88 57
96 31 76
79 10 71
8 18 97
46 50 100
3 20 77
96 48 98
6 29 72
96 77 87
65 47 65
69 16 88
57 74 77
17 70 65
11 89 87
70 100 86
4 98 93
27 5 66
82 28 52
70 17 73
67 81 73
74 38 66
57 22 79
23 66 99
8 96 98
8 76 96
39 66 52
53 88 70
89 35 82
56 69 99
45 49 79
65 31 99
52 78 71
12 45 85
58 34 52
22 73 52
83 66 91
82 54 88
45 24 98
43 42 91
5 31 77
69 98 93
31 15 67
44 84 64
24 86 64
16 21 87
82 87 86
21 2 85
35 2 94
11 10 88
40 82 60
10 78 50
42 78 100
45 40 66
47 81 75
8 50 65
38 43 69
86 35 54
16 55 84
49 44 92
20 76 70
81 67 85
88 94 75
5 51 92
53 97 94
94 28 89
60 72 96
58 8 88
56 96 90
57 53 79
20 64 70
13 7 83
53 57 100
75 96 64
42 100 72
77 9 74
58 49 70
24 8 73
67 68 86
47 91 85
89 82 70
54 45 94
20 84 85
21 26 63
77 33 81
13 52 61
32 35 59
42 73 96
68 69 78
8 93 63
10 92 77
32 97 80
99 9 50
85 30 78
77 74 56
19 92 83
59 2 57
56 80 81
63 42 95
81 46 83
31 66 73
98 36 95
9 37 86
76 59 82
12 67 55
10 97 99
25 7 61
11 17 65
1 70 59
86 70 65
1 28 50
43 69 63
6 72 71
53 96 81
89 68 82
41 42 100
49 9 54
88 54 71
78 15 77
95 80 80
97 23 93
67 85 85
88 10 76
58 67 55
1 43 78
64 19 54
15 79 66
97 78 96
25 64 52
51 8 58
92 57 70
100 96 54
78 66 95
16 54 64
44 52 66
67 87 85
64 81 58
23 23 95
31 32 71
7 58 89
24 82 62
2 43 83
50 67 56
36 13 62
69 47 90
29 53 99
25 13 57
98 37 71
96 43 84
12 87 90
49 26 65
96 35 64
2 27 88
75 40 66
43 92 75
17 96 91
29 58 82
39 40 58
14 69 91
76 10 52
71 81 94
44 16 70
38 66 80
49 31 99
77 81 59
4 86 88
8 68 66
31 5 90
8 62 87
97 90 83
83 24 99
67 44 73
25 85 61
57 3 67
53 15 50
27 64 83
97 67 55
16 1 54
26 29 72
42 20 87
51 75 63
62 72 91
73 16 100
43 43 63
63 98 88
97 95 91
91 13 61
36 1 65
70 32 71
45 41 50
40 47 70
25 75 85
68 83 84
17 16 93
100 59 69
91 71 65
16 70 69
33 3 82
16 69 69
13 26 96
84 56 75
45 47 81
86 82 83
14 52 88
31 52 98
68 7 100
98 39 84
75 86 100
2 59 81
91 36 80
22 75 73
95 25 65
3 89 73
56 59 89
60 23 74
28 1 79
7 19 50
66 36 75
89 100 97
54 72 54
92 86 96
88 35 50
6 13 62
60 97 91
92 23 62
20 70 63
22 45 57
49 67 55
74 21 67
9 77 100
43 65 96
40 52 86
26 32 57
5 7 94
76 37 75
7 24 84
58 85 79
31 33 91
89 38 56
86 90 62
95 2 87
60 71 57
16 62 100
21 43 94
94 71 83
89 30 56
8 74 65
50 85 59
15 39 85
31 68 82
57 67 83
56 97 93
25 52 90
55 95 57
31 99 82
76 6 65
78 42 63
13 92 73
1 50 74
46 7 79
63 33 73
57 98 83
25 11 72
6 24 78
22 19 74
45 9 93
77 18 97
35 53 70
58 47 63
60 85 52
62 18 69
92 79 54
40 88 67
88 31 88
1 38 56
70 57 84
40 3 89
5 37 65
27 8 90
22 87 59
21 88 72
8 16 96
58 71 79
69 92 95
2 2 98
90 71 71
68 1 96
90 17 82
76 88 69
47 65 100
21 63 55
68 45 72
50 31 84
43 70 88
83 98 81
81 13 74
83 7 75
7 47 50
95 15 73
38 9 89
49 8 71
82 46 81
62 63 51
100 9 79
48 77 76
98 3 66
38 25 85
49 24 66
56 54 81
13 35 61
23 10 70
18 49 91
7 55 63
26 85 96
23 36 51
65 27 100
77 93 50
82 92 63
13 65 73
93 90 82
5 70 67
54 84 69
66 69 81
9 8 62
14 14 78
32 40 75
13 55 92
68 30 86
69 73 67
62 24 97
47 36 66
64 10 92
24 100 80
16 61 55
42 77 68
43 1 75
62 20 58
27 78 64
70 89 85
16 46 77
23 33 97
14 99 100
67 35 52
32 11 67
16 51 97
56 86 68
19 71 52
90 78 79
70 68 73
77 54 87
1 84 79
82 3 59
15 66 50
43 3 71
65 86 77
97 58 53
7 54 56
51 18 52
9 69 86
82 71 56
42 58 86
27 54 100
56 10 74
8 39 56
31 51 62
13 84 77
37 31 52
14 58 77
88 40 79
14 50 51
51 30 89
91 9 90
69 72 96
45 33 72
16 74 84
36 28 81
8 3 57
79 33 54
4 27 55
88 79 68
58 84 71
43 32 89
96 37 99
27 67 79
87 79 61
98 34 94
50 47 78
100 67 55
28 45 93
9 3 93
19 12 56
44 50 69
73 3 70
93 10 73
1 56 56
65 40 94
91 78 83
14 66 99
90 56 50
8 88 90
24 51 54
8 80 89
1 87 76
80 6 61
28 36 63
76 3 100
4 25 61
74 34 78
61 96 70
88 70 92
36 23 86
64 36 50
100 87 99
57 72 87
37 52 81
73 83 63
71 32 72
39 100 52
93 61 71
37 19 52
15 31 72
14 44 75
66 10 59
98 41 53
42 83 60
39 89 86
45 50 92
38 96 96
99 80 86
82 20 58
77 3 79
84 71 91
46 90 86
46 38 94
5 98 72
92 89 53
92 45 58
53 27 69
20 8 58
29 48 85
39 44 92
19 93 56
67 9 59
59 21 65
88 84 96
16 100 76
84 75 60
15 98 80
73 1 53
72 29 77
33 85 91
58 2 51
35 27 50
41 64 98
19 7 66
60 42 86
96 71 72
1 78 79
4 21 81
53 5 50
8 40 59
51 10 71
60 88 75
68 35 60
83 3 52
86 52 80
79 12 56
73 25 53
72 55 55
36 68 92
1 47 79
36 32 77
35 79 93
3 18 66
82 72 98
27 35 82
76 20 86
95 43 94
22 58 99
39 54 53
45 92 83
77 30 82
94 32 63
59 89 58
68 71 80
33 7 73
72 24 61
21 36 64
72 54 61
89 48 56
95 83 81
26 94 54
54 98 85
37 15 76
35 44 83
86 54 61
60 15 75
2 29 95
82 40 89
72 58 97
85 12 72
18 75 66
8 47 67
32 26 99
83 47 97
71 9 91
49 98 81
53 9 57
95 84 100
51 83 90
57 61 58
63 72 55
37 75 53
26 61 97
81 85 95
33 1 92
88 53 66
20 5 63
10 74 95
90 59 64
45 4 90
23 20 87
5 97 73
19 38 90
43 21 89
27 88 59
61 83 79
3 54 72
17 13 64
94 8 59
11 45 90
48 83 97
61 75 93
35 89 54
74 52 64
79 73 77
78 37 54
93 15 66
11 50 88
99 90 63
72 22 96
84 72 88
55 59 89
98 29 78
63 3 87
77 84 73
14 18 57
13 15 84
8 83 69
1 15 52
30 20 82
96 39 76
77 32 80
71 25 91
66 40 100
64 69 98
95 98 61
23 17 80
1 98 52
11 53 52
89 6 94
41 44 68
79 69 52
71 36 94
55 6 65
53 73 50
71 92 66
86 58 95
62 68 54
61 93 63
95 12 63
18 91 84
89 32 94
1 41 61
46 64 99
85 2 61
35 16 98
71 52 99
46 44 74
92 91 62
81 30 97
90 47 81
68 34 76
43 37 52
94 98 98
55 96 58
53 38 55
18 21 57
79 95 69
58 4 71
42 80 86
22 95 98
62 38 60
50 30 59
22 10 57
49 89 75
47 55 81
48 61 62
28 62 51
95 58 70
69 89 67
82 52 93
7 87 63
54 90 62
18 41 66
60 11 89
23 31 99
82 55 59
72 8 52
39 69 79
50 90 72
76 33 79
79 70 88
41 75 60
71 54 89
31 8 97
36 31 86
2 36 70
3 65 69
75 30 76
14 26 72
66 33 94
31 14 76
91 19 73
61 3 80
48 25 91
12 58 75
82 34 90
79 82 98
96 23 61
59 32 70
15 6 95
12 54 52
42 40 71
44 69 50
25 27 77
45 67 100
96 68 73
48 11 73
2 78 69
67 70 94
23 56 75
19 1 83
45 58 54
49 46 90
8 85 97
93 32 73
97 59 69
19 41 72
9 5 67
58 48 83
22 4 87
5 88 80
79 44 75
46 40 97
66 48 82
92 88 89
29 33 75
27 13 72
38 23 94
38 11 87
40 69 76
8 36 96
31 24 78
55 30 77
66 7 68
100 14 69
6 31 80
82 78 92
92 21 92
74 64 53
25 35 56
66 41 73
91 18 98
48 21 70
59 53 77
38 79 86
13 30 74
64 89 51
16 57 60
84 65 87
88 3 63
10 7 51
100 20 74
94 24 53
14 19 86
65 84 62
8 35 85
32 58 92
60 57 84
71 21 51
58 35 76
80 18 79
16 60 99
27 65 56
13 67 97
79 79 92
39 81 89
80 82 74
94 82 87
99 81 93
62 4 72
29 27 85
38 90 96
27 72 84
34 79 90
83 17 75
12 3 73
20 43 91
67 86 90
4 13 50
42 43 83
9 85 97
10 28 77
87 68 82
74 51 68
39 32 98
4 2 68
75 10 78
90 38 90
22 52 90
89 23 56
18 71 79
68 40 82
71 83 89
90 29 80
94 5 84
67 7 85
60 31 89
75 13 65
76 44 93
83 11 95
69 2 84
76 89 86
63 89 85
35 72 57
16 78 92
14 91 64
55 26 63
56 79 92
63 21 69
40 79 75
89 55 98
4 33 87
17 65 65
88 64 85
9 6 57
48 1 80
82 31 58
6 92 59
99 73 55
58 45 55
24 20 66
82 29 69
60 26 53
92 10 98
54 11 93
34 97 54
17 62 72
2 6 76
42 12 70
30 83 69
55 45 88
59 58 85
61 84 71
55 90 66
59 93 80
59 94 83
56 1 84
77 76 100
8 37 59
72 39 79
43 76 92
34 84 83
10 89 77
20 1 50
75 51 71
26 22 96
34 21 91
21 60 81
73 60 81
89 78 77
94 49 52
1 24 66
75 60 82
57 68 85
88 36 51
75 98 86
63 99 82
73 23 91
23 7 87
59 92 53
81 80 62
2 84 79
93 77 64
78 31 67
13 3 90
52 48 52
9 4 96
51 97 73
71 51 89
25 1 76
3 11 90
21 42 87
78 52 93
94 81 76
27 9 66
47 8 94
3 60 52
31 89 77
21 67 66
47 78 63
34 30 74
57 56 89
33 46 83
24 34 57
13 61 59
2 41 57
27 57 73
22 63 80
51 90 86
19 18 57
37 7 73
31 37 67
75 89 96
53 50 74
35 100 59
90 2 50
69 40 62
32 48 98
44 99 85
53 17 62
2 82 55
38 97 62
75 22 82
19 51 89
75 34 96
67 18 88
61 79 57
83 100 64
12 69 87
28 66 70
53 70 80
24 42 53
66 25 64
94 27 97
35 4 55
6 35 50
82 77 53
67 16 69
90 43 96
75 19 85
38 88 79
16 52 89
16 2 54
49 49 74
100 93 67
12 96 68
100 82 83
77 68 51
23 63 59
46 72 83
71 29 84
25 58 73
99 56 92
27 22 55
18 54 74
1 4 84
58 100 88
36 3 88
25 16 51
23 25 100
93 28 61
98 24 80
27 75 75
83 40 86
20 67 55
64 20 63
91 95 53
8 52 72
89 75 83
76 75 61
26 89 81
49 64 85
62 86 99
61 14 74
4 4 62
86 46 80
25 22 57
11 69 56
41 45 82
72 40 77
37 66 84
7 52 82
41 54 95
51 76 53
84 29 74
50 8 67
1 77 80
17 71 87
33 82 73
69 26 87
30 90 50
72 82 89
87 87 62
63 63 74
90 84 77
32 69 64
26 88 59
58 70 95
97 37 55
72 71 56
5 90 63
7 96 52
54 40 74
7 89 72
33 9 96
6 45 73
72 32 79
76 9 62
18 85 68
85 41 55
18 92 79
79 76 75
41 98 76
13 37 62
58 76 95
5 100 61
58 90 80
59 60 87
42 30 78
90 62 89
91 46 62
82 85 59
82 63 85
90 7 57
10 22 94
50 35 50
60 51 55
23 81 72
65 68 91
60 95 76
17 95 58
99 8 76
58 6 88
68 98 87
74 91 52
46 56 52
89 16 66
71 87 80
24 48 66
44 14 68
83 86 55
20 17 58
73 72 57
88 74 52
13 66 74
85 83 80
99 23 56
88 52 82
93 80 89
48 71 64
28 42 76
61 22 58
11 8 98
48 13 97
39 47 73
77 43 90
98 4 65
90 95 97
35 52 56
26 26 82
67 65 89
58 20 55
90 1 57
75 1 57
5 27 78
55 4 94
25 74 73
68 27 61
20 26 55
97 80 87
73 86 58
47 10 85
65 96 97
26 30 98
72 91 73
14 90 53
41 93 69
97 73 51
35 49 72
66 88 61
20 54 95
35 19 67
77 60 55
14 82 51
17 12 80
71 89 91
39 38 99
76 66 66
39 9 91
7 31 54
60 68 51
33 4 69
34 94 50
28 60 81
62 35 91
55 83 88
28 43 92
5 28 70
24 5 89
3 94 57
30 23 61
43 33 81
41 31 86
89 71 79
63 20 50
41 53 87
61 74 86
79 51 67
60 62 86
29 70 77
50 48 55
11 11 100
43 12 66
29 69 86
44 11 79
77 21 99
38 20 73
87 42 81
86 12 68
65 26 99
6 20 71
11 65 92
7 62 58
33 73 79
85 35 64
17 42 86
75 53 70
62 43 93
3 87 60
17 64 54
93 86 59
49 92 92
66 82 54
31 22 100
3 79 68
44 77 73
52 64 71
91 52 84
56 44 86
27 7 70
68 3 61
40 61 70
85 29 66
14 43 51
86 15 78
71 17 56
22 55 63
84 36 73
39 2 92
9 75 59
97 33 90
52 73 82
2 94 69
42 39 99
82 38 84
43 77 69
50 54 100
29 5 71
1 14 71
26 25 50
37 26 84
67 28 55
29 15 83
98 8 83
73 77 72
69 8 74
43 26 76
13 38 77
89 11 77
11 4 77
74 31 75
79 8 97
92 68 50
13 54 72
56 56 86
71 82 95
83 51 63
51 60 99
88 62 86
62 82 55
64 64 77
59 98 86
9 45 65
9 50 88
95 91 92
9 63 89
2 35 56
9 40 56
75 80 69
55 53 64
41 73 90
6 53 95
43 99 62
35 37 57
51 5 59
89 13 52
10 95 77
61 46 50
80 96 54
74 59 63
95 34 76
40 16 90
27 50 71
20 4 58
92 58 93
91 39 61
10 54 91
67 88 56
48 80 58
8 75 86
59 26 64
44 71 62
99 58 86
47 7 90
21 10 67
78 38 59
86 87 97
94 4 58
35 56 85
86 76 69
59 14 98
10 5 54
37 94 53
38 21 93
50 18 71
72 3 61
52 96 75
6 70 98
92 77 77
63 4 94
13 45 97
61 97 88
1 99 85
38 87 52
80 64 64
97 49 85
17 31 82
22 83 67
89 84 50
50 60 83
92 71 74
63 16 50
64 13 84
49 40 61
62 55 90
8 7 86
86 24 95
70 20 63
74 30 58
45 55 78
1 22 63
97 26 80
18 43 81
16 42 84
49 87 61
29 73 84
80 20 66
50 57 53
10 63 79
19 66 59
22 69 60
83 31 92
26 97 50
13 73 51
55 54 88
90 69 93
44 53 52
49 36 61
34 32 92
84 5 64
22 43 57
84 92 72
3 82 99
3 34 70
99 51 83
84 21 51
21 34 74
85 33 98
25 81 88
50 52 84
10 25 87
66 76 89
81 54 99
65 98 86
75 85 60
13 82 82
26 91 91
99 55 64
42 84 91
27 79 55
72 65 59
2 38 69
34 38 74
55 88 77
78 7 73
96 51 68
42 10 76
58 32 71
47 63 60
5 58 94
18 3 59
97 50 59
3 6 82
96 49 56
39 96 73
53 100 88
99 21 89
38 3 84
46 87 59
12 6 84
100 72 72
16 36 95
1 23 88
78 25 73
45 96 67
59 43 58
86 13 52
3 52 95
64 85 53
42 99 92
96 34 87
11 97 87
21 22 85
23 97 66
21 85 59
18 100 89
82 88 58
30 21 83
1 74 84
41 74 82
50 55 80
35 69 85
96 90 91
95 97 77
25 26 93
82 30 70
10 35 82
12 51 54
41 28 80
80 13 73
68 72 66
45 12 50
23 90 95
64 12 71
7 63 94
92 55 57
59 87 72
48 5 66
28 97 85
52 90 73
65 54 50
5 54 76
31 47 64
29 41 89
82 60 75
65 100 86
78 11 100
6 86 99
97 1 79
24 21 92
14 55 57
54 50 97
9 14 86
27 6 90
37 38 89
4 6 98
98 85 57
50 17 80
55 86 92
13 23 80
32 15 56
47 64 93
91 22 82
34 5 81
19 72 69
28 71 74
47 76 54
88 48 63
20 57 73
41 61 53
64 51 65
3 22 57
74 57 75
3 55 50
36 21 51
52 17 75
78 98 74
31 77 68
74 74 68
17 91 79
64 97 67
69 11 75
20 7 88
34 15 59
80 93 77
57 87 59
25 92 56
34 73 89
91 65 51
90 16 83
65 32 58
54 85 75
99 96 69
60 29 88
36 22 52
58 89 75
29 74 63
38 28 90
48 74 95
47 43 94
2 15 99
59 77 77
62 84 67
71 53 97
20 14 70
55 98 55
72 12 87
11 25 70
68 68 90
89 22 60
77 53 86
21 46 88
26 76 94
14 86 95
31 90 65
88 55 91
98 47 82
33 56 61
94 1 66
18 4 78
25 32 89
66 8 63
85 71 94
85 47 50
6 14 67
99 72 60
5 83 96
43 49 94
56 30 54
89 24 64
74 92 95
75 5 93
44 95 65
1 42 97
15 80 97
100 99 59
18 50 95
3 5 87
70 54 50
67 72 95
11 33 74
80 30 98
60 87 64
73 48 51
25 30 50
50 66 76
33 92 64
54 60 88
24 15 55
19 8 81
41 65 99
7 4 55
28 33 55
47 61 70
99 79 52
100 50 50
82 93 53
51 24 63
53 6 78
25 67 87
99 85 83
36 91 100
1 7 63
69 23 91
38 69 62
48 78 51
43 30 82
31 53 63
12 9 89
17 45 78
81 92 74
29 63 76
22 40 83
3 38 78
6 61 93
17 92 99
93 69 79
97 7 62
12 39 51
4 55 88
59 55 93
56 21 75
40 76 79
33 98 85
56 98 89
92 24 51
59 91 94
46 62 69
60 53 77
48 72 55
18 33 78
34 10 89
38 19 97
22 92 92
26 47 89
19 79 86
72 35 85
86 27 89
43 59 84
90 53 92
70 46 74
55 61 76
55 8 73
58 77 85
46 66 54
11 2 100
36 55 81
73 37 97
3 88 78
79 71 91
25 94 82
28 16 92
14 59 75
28 20 91
6 18 86
79 54 77
44 25 75
46 14 97
9 95 93
99 97 50
79 31 81
48 7 91
14 61 59
8 78 72
67 6 79
2 52 69
15 27 68
83 88 58
49 74 71
12 59 58
52 30 84
38 2 61
16 14 83
55 37 80
100 18 80
95 77 79
16 76 77
86 4 88
93 46 83
82 89 80
64 67 82
45 18 82
53 8 89
82 91 72
8 23 69
28 55 92
3 32 83
62 33 70
94 100 62
10 70 63
26 21 91
91 49 91
88 19 95
92 4 96
16 25 54
46 34 67
48 68 99
79 34 90
47 50 99
23 80 59
93 79 60
73 97 78
92 76 70
23 43 83
15 28 100
20 73 86
92 95 54
15 29 67
5 74 70
46 52 80
19 31 70
63 37 67
62 66 53
57 83 78
57 73 69
3 93 67
93 37 82
35 92 95
17 76 66
93 38 57
98 43 80
17 55 81
7 20 65
23 87 80
57 63 73
53 71 50
4 45 89
51 27 50
93 100 89
18 78 89
85 93 68
48 69 80
91 6 89
39 68 58
63 94 64
12 43 59
93 18 83
9 97 79
96 13 58
78 9 57
89 15 55
23 93 63
86 47 89
56 46 95
42 65 74
36 70 87
32 41 91
31 71 100
75 87 61
15 5 92
7 84 86
72 88 52
47 83 72
4 75 72
7 38 67
49 47 99
30 95 89
14 31 76
43 85 72
15 93 96
67 57 69
71 34 82
14 46 71
62 8 72
69 84 88
69 25 61
15 8 51
12 41 72
59 74 93
89 49 63
29 82 69
8 66 92
15 100 86
87 49 61
71 57 76
43 48 74
60 90 79
44 65 68
60 2 100
83 79 56
81 34 93
46 12 58
28 84 71
37 2 73
85 31 54
80 53 95
17 21 73
48 57 96
20 60 62
45 27 88
52 44 82
46 58 75
47 9 60
35 12 94
92 81 57
60 5 60
55 21 80
13 43 71
50 56 66
17 97 65
32 19 90
25 36 84
21 99 56
87 2 58
53 76 88
95 26 79
60 21 73
47 42 73
97 2 89
100 45 50
84 4 56
86 63 56
37 22 79
81 97 76
63 10 99
7 46 58
10 65 74
57 23 71
70 58 78
96 81 89
32 53 54
4 15 92
36 83 70
65 97 62
8 69 55
53 29 80
39 34 66
18 32 93
53 21 63
88 2 93
29 2 97
38 65 79
31 26 100
4 91 52
4 51 95
24 7 91
23 55 69
69 27 84
97 65 54
38 6 100
7 43 52
68 61 90
26 90 93
17 79 59
84 82 65
56 100 79
2 75 63
35 71 61
72 77 99
2 40 92
66 39 84
59 24 94
43 97 85
13 53 69
95 46 96
44 70 55
23 61 93
2 65 97
44 76 78
83 35 81
71 23 100
51 92 97
94 62 54
16 65 88
98 50 74
26 72 94
89 7 73
61 11 74
54 28 56
44 87 99
52 59 75
55 23 87
94 57 96
99 53 93
66 31 56
80 79 82
51 53 99
36 60 86
42 50 98
46 10 92
51 1 99
55 12 52
99 38 57
60 93 92
68 62 55
20 40 99
3 92 73
31 69 88
67 34 93
25 37 63
76 81 82
22 27 91
22 9 59
11 1 98
93 5 99
37 62 54
90 94 83
19 40 91
65 88 99
54 95 95
12 50 82
39 15 93
52 5 84
27 47 68
23 92 53
35 77 63
27 43 98
79 14 59
31 4 79
64 88 59
91 24 73
27 86 71
26 2 73
84 27 99
9 53 78
36 80 88
10 91 88
71 5 82
47 60 78
30 60 74
20 97 51
51 29 80
51 33 58
53 24 58
1 76 76
70 80 92
68 11 71
81 45 81
7 8 88
29 100 85
13 12 78
4 65 53
47 45 55
19 24 86
64 60 62
51 28 66
62 5 82
62 59 71
9 99 89
93 89 71
59 88 87
30 18 62
64 86 88
41 34 89
9 11 94
74 36 78
98 59 100
35 83 54
79 37 94
25 100 91
77 67 83
43 96 88
85 73 65
11 18 76
95 99 63
14 4 73
34 100 90
12 30 55
48 40 68
64 44 83
95 50 93
73 5 56
28 34 52
88 83 68
50 69 69
91 68 99
30 88 85
82 57 96
86 85 97
24 65 62
10 60 88
98 66 84
94 92 58
49 97 60
47 96 77
65 15 56
15 70 62
52 39 78
38 14 52
70 66 68
58 94 98
13 86 51
98 57 61
85 90 80
3 23 72
62 80 99
39 79 56
3 62 92
88 18 91
28 49 75
50 27 85
72 38 91
61 85 96
38 44 93
99 13 100
31 79 50
74 94 86
1 62 80
1 31 91
61 26 50
53 56 59
82 2 92
86 59 63
18 38 80
6 22 72
37 79 72
35 1 85
27 1 70
36 63 92
76 24 93
100 26 98
23 3 76
12 33 50
82 47 53
35 78 95
89 97 94
51 47 93
69 4 97
5 11 94
37 88 73
35 99 100
75 84 83
78 73 63
97 64 88
92 39 83
6 9 75
37 97 81
50 42 92
34 45 100
82 41 58
70 18 92
62 95 93
81 89 86
1 72 93
50 53 52
76 72 92
49 79 90
95 52 90
72 36 75
53 36 56
18 5 97
49 16 76
58 51 61
94 18 68
83 55 78
7 32 75
27 32 70
3 80 60
33 94 81
96 50 55
4 58 95
99 24 75
81 49 55
97 74 51
88 13 97
37 9 51
51 3 87
29 9 80
63 43 64
69 7 81
74 23 79
10 34 67
39 58 93
31 49 94
81 65 92
30 50 90
20 66 65
68 26 59
83 9 55
47 6 74
20 23 86
35 42 78
70 27 87
87 91 52
43 31 79
89 36 85
63 13 81
2 49 86
60 83 75
30 70 85
38 49 70
16 13 95
29 95 65
71 61 53
7 90 81
77 16 97
84 34 64
92 25 82
9 87 71
69 70 67
80 43 89
95 24 64
6 93 93
50 26 81
12 27 85
86 72 69
18 44 70
35 8 75
37 98 66
6 17 67
71 35 67
43 88 51
53 98 53
28 17 69
85 19 98
9 96 65
53 33 58
82 97 53
98 42 79
75 90 74
87 86 87
98 65 60
88 63 61
19 36 98
5 64 71
32 30 93
40 15 54
14 67 73
13 90 77
82 5 94
6 64 74
28 94 51
100 35 63
44 63 94
87 88 62
54 92 61
13 39 54
37 46 53
47 29 97
3 72 61
45 19 72
25 61 60
100 21 62
29 21 62
79 48 73
88 42 87
12 22 96
48 85 80
19 60 68
18 1 58
92 62 68
26 59 51
10 18 73
43 22 72
16 94 66
81 98 74
69 35 50
85 88 59
40 57 96
66 65 100
90 77 90
54 44 64
41 86 93
5 18 56
54 64 76
84 10 78
77 35 79
37 51 59
44 56 93
18 7 51
68 6 55
72 10 62
78 89 70
70 77 84
24 11 81
59 84 80
38 35 68
41 78 58
95 66 83
85 46 70
40 100 61
5 44 67
15 59 64
74 99 96
15 33 65
59 76 75
90 63 95
17 6 97
74 72 92
48 90 73
63 90 92
22 22 81
79 18 86
36 19 98
13 34 54
4 69 50
86 51 92
26 8 68
2 16 77
68 44 51
72 53 61
28 3 54
18 17 80
5 45 84
49 59 97
20 31 96
86 1 94
18 87 91
10 19 53
19 63 78
34 62 50
72 86 77
44 17 93
60 41 99
78 87 50
17 89 52
81 26 80
90 65 78
20 65 72
31 74 82
9 32 86
54 19 64
55 5 79
89 81 59
94 25 95
26 4 63
67 24 56
98 17 59
26 13 90
42 82 88
23 60 89
41 83 82
22 51 77
91 76 75
61 44 84
68 90 92
80 45 68
32 10 76
52 55 62
53 44 85
63 56 60
2 83 63
55 9 94
2 91 62
81 72 51
87 46 86
39 51 99
62 50 57
86 31 87
26 1 51
46 9 62
41 79 77
65 6 70
23 64 52
9 58 86
6 44 97
68 56 85
71 62 97
44 2 98
24 46 86
34 44 96
88 93 73
63 87 59
45 90 59
81 7 70
66 6 84
9 65 98
75 63 71
23 84 76
93 88 51
10 71 100
32 44 93
28 99 68
85 17 74
97 68 97
86 22 77
9 42 92
74 27 60
23 71 55
25 17 76
40 22 64
95 51 61
9 24 83
14 15 96
88 85 88
90 96 95
57 47 66
27 34 53
12 49 51
20 74 89
71 73 78
28 68 58
64 80 72
10 57 60
53 85 73
60 36 99
25 93 93
77 77 97
39 60 93
94 9 82
52 24 63
15 38 84
14 73 55
44 58 93
100 40 61
1 34 84
29 93 52
2 53 81
55 35 89
49 55 54
63 26 91
65 29 78
93 94 96
41 30 64
45 91 100
84 58 52
42 15 86
3 7 79
36 66 84
30 71 59
73 67 82
91 84 58
92 94 92
78 35 78
26 62 81
43 47 58
48 44 75
46 22 72
20 72 70
39 21 61
3 100 68
100 57 65
96 11 93
62 83 91
11 59 98
4 31 80
89 12 95
83 58 91
53 22 95
3 41 55
66 11 71
65 25 85
46 89 54
86 36 89
42 76 76
91 87 50
8 20 55
75 11 82
32 1 82
21 14 80
55 65 85
44 29 67
29 36 69
51 25 95
82 65 51
8 48 96
42 35 51
29 10 74
93 76 55
100 10 68
68 63 64
54 3 52
92 15 62
87 39 73
3 66 70
82 80 66
17 19 71
22 49 77
40 33 79
87 89 86
27 12 83
47 94 71
28 11 74
38 92 54
93 27 92
4 96 83
58 23 86
92 82 58
60 70 66
52 76 64
19 43 58
89 31 91
1 85 92
87 66 100
20 71 58
93 31 70
64 58 75
98 28 79
52 62 66
32 90 59
96 5 57
70 49 99
91 44 58
54 34 82
58 68 82
98 82 73
97 35 53
94 61 83
44 34 83
18 96 72
25 10 94
93 19 78
89 9 60
87 11 62
53 68 84
91 17 91
16 12 88
74 46 86
20 45 68
51 32 88
32 77 55
16 39 85
73 54 67
73 70 77
5 13 97
100 34 70
83 44 70
8 17 84
48 89 53
80 95 78
97 32 71
36 97 63
16 18 53
77 37 89
41 100 97
91 88 75
49 29 83
29 16 58
55 44 53
67 98 85
90 99 82
22 21 72
64 96 95
85 66 88
26 18 85
73 10 69
96 73 76
94 37 92
24 24 100
61 32 88
27 62 86
29 84 81
41 84 76
94 88 59
45 97 64
63 75 65
44 37 86
20 79 58
32 95 56
46 53 54
42 46 64
87 78 50
60 79 55
10 6 96
55 41 86
19 69 50
35 61 82
7 12 84
94 22 75
24 18 93
10 15 99
91 83 54
23 51 51
42 31 59
2 60 66
71 13 79
21 64 67
32 21 56
30 8 90
45 14 64
32 72 65
97 28 82
96 62 50
44 61 98
65 45 83
7 56 87
64 78 81
29 71 86
93 75 55
92 96 76
58 37 80
52 81 69
34 49 95
4 44 60
58 50 99
68 21 99
29 54 92
40 4 73
51 84 71
36 50 97
57 24 72
52 72 88
90 41 66
39 49 96
43 60 78
21 68 56
11 32 74
49 82 90
69 82 99
59 22 53
69 79 55
45 7 77
29 18 81
4 60 76
64 26 62
25 73 79
80 37 90
66 34 75
55 97 80
14 38 60
82 13 56
42 5 59
46 18 92
79 63 63
5 77 65
28 67 80
13 10 58
31 41 61
62 70 61
90 10 87
77 87 58
93 73 56
49 19 96
48 86 95
82 84 69
99 17 86
98 94 71
30 58 57
44 96 54
5 67 79
86 68 71
62 88 54
14 93 86
11 26 70
68 43 53
64 2 88
31 84 62
86 50 100
60 14 84
74 62 99
19 13 74
85 100 67
81 59 100
95 68 67
17 50 50
93 25 75
71 1 72
98 49 58
75 59 50
15 49 66
69 32 99
85 6 59
63 79 81
90 58 65
69 81 67
93 51 73
96 76 74
88 8 76
11 99 72
19 42 97
35 41 73
31 21 76
16 7 51
24 9 100
61 39 75
63 15 97
60 6 72
44 20 86
93 64 100
14 37 94
71 64 79
33 36 78
24 76 56
7 13 96
30 6 81
44 60 87
8 97 83
78 85 56
30 44 97
79 47 91
94 95 61
41 89 80
53 63 73
61 5 83
37 89 66
13 27 65
7 41 68
48 32 95
92 18 63
18 83 82
60 1 74
58 52 63
34 34 74
52 47 78
22 37 83
46 17 98
45 44 88
53 13 63
51 96 84
36 43 77
75 29 71
92 46 94
99 47 50
46 6 61
43 72 66
84 93 95
71 70 99
87 75 89
14 40 87
19 81 88
54 86 63
16 73 65
27 90 57
70 79 56
46 60 56
45 43 60
60 54 71
97 79 56
100 42 75
94 85 93
75 92 67
99 37 70
10 87 60
96 19 67
50 98 69
78 19 56
67 91 79
4 84 91
83 16 94
14 30 60
80 44 69
93 11 51
14 48 68
100 33 88
3 77 92
93 63 94
46 41 100
66 56 80
59 54 62
93 21 72
82 53 67
34 36 51
7 85 77
48 19 83
27 98 95
64 7 70
1 88 60
82 68 56
54 6 80
66 75 61
90 46 58
80 55 88
51 95 58
75 97 74
45 51 100
27 52 86
18 74 67
45 66 50
45 83 89
72 7 100
85 23 82
50 37 76
94 77 99
44 57 57
18 73 67
56 8 89
36 34 59
42 71 84
60 32 58
17 9 62
43 24 83
62 69 91
94 23 79
85 13 55
97 92 73
80 57 95
9 83 78
31 6 62
97 18 70
14 83 88
59 36 94
65 71 90
82 76 91
85 11 81
56 36 89
77 8 82
17 10 52
21 27 75
100 28 69
100 27 52
44 47 60
42 14 90
60 12 79
61 31 56
57 6 53
19 11 87
68 24 67
83 61 66
41 49 89
74 14 71
4 16 72
52 97 63
29 60 93
38 81 63
61 94 78
96 28 81
38 47 99
22 28 63
19 54 99
100 12 77
56 84 93
80 63 85
99 22 53
90 22 83
72 17 71
57 85 81
5 69 86
84 51 88
62 45 85
70 21 73
70 69 83
84 23 82
33 63 86
45 86 94
28 75 66
87 94 88
80 50 66
52 31 69
62 54 83
80 12 84
56 99 75
93 83 56
31 82 58
29 47 97
44 26 56
38 70 59
75 49 81
12 40 74
97 40 77
86 73 56
53 25 67
21 45 53
46 84 94
54 94 96
89 70 90
93 85 86
54 24 80
21 82 59
9 47 81
92 50 99
3 48 86
100 64 92
25 39 61
39 36 80
23 67 88
37 16 88
64 62 91
35 86 99
69 31 88
42 24 63
38 1 91
25 24 67
33 39 73
32 89 71
65 39 99
20 48 77
67 90 70
30 34 80
39 19 79
37 99 87
24 29 70
64 16 81
97 96 67
78 100 76
64 87 89
15 68 76
39 17 89
71 24 90
92 36 80
25 95 68
71 3 68
99 49 69
21 76 100
31 57 54
96 41 61
57 58 50
58 56 74
42 74 71
15 50 91
79 98 92
16 75 79
20 91 99
43 53 56
25 83 74
82 23 91
11 74 64
89 10 64
47 82 83
99 60 54
98 26 54
68 75 83
5 17 84
38 95 59
36 2 75
89 46 79
52 34 84
98 97 63
86 25 87
26 39 88
49 42 74
33 23 88
72 100 91
25 98 87
84 98 93
91 42 88
61 53 76
36 14 51
59 45 85
27 51 86
93 54 81
24 92 85
68 77 66
91 70 51
49 11 54
25 76 91
73 8 84
64 71 59
1 67 59
76 48 96
2 31 60
34 26 85
74 76 72
75 27 62
13 33 93
10 37 74
17 40 84
28 78 97
92 97 70
65 14 55
98 9 93
81 39 72
8 59 91
15 62 66
84 45 70
65 3 58
73 61 75
98 99 97
40 54 87
48 35 77
80 48 87
6 10 82
54 35 72
91 15 89
34 65 57
17 100 97
83 87 65
52 26 69
2 67 61
34 3 97
65 85 64
18 36 55
44 83 81
30 42 93
88 44 64
100 22 59
11 83 91
41 50 76
18 90 79
83 6 90
87 44 61
96 22 96
29 17 57
50 64 87
32 29 96
30 82 97
17 74 52
7 81 82
73 49 68
46 97 95
53 20 74
71 6 61
51 17 52
52 28 67
75 6 100
4 57 90
3 70 59
86 98 58
33 37 64
19 80 64
92 29 71
14 94 77
16 83 67
24 25 77
79 26 61
16 84 54
61 56 96
19 14 51
24 26 64
60 52 70
50 24 95
92 9 78
4 85 67
39 33 97
55 51 88
74 56 95
82 96 99
52 51 76
8 81 87
78 74 82
37 37 81
97 42 79
4 12 89
18 61 60
96 92 53
45 87 52
24 72 81
38 32 85
69 90 82
70 23 79
83 46 63
43 13 52
80 77 90
45 88 96
83 54 64
1 49 89
52 58 62
62 48 75
9 94 82
23 54 100
40 93 88
46 78 52
42 29 81
54 46 97
9 88 94
3 24 71
65 44 80
30 86 68
70 98 82
98 88 75
90 51 62
97 44 85
77 26 57
78 65 62
69 15 52
81 74 90
79 43 99
9 28 62
63 76 70
58 46 92
42 34 63
98 64 96
2 96 57
93 53 55
57 91 83
43 63 80
26 20 55
74 98 97
63 24 88
27 37 64
14 85 86
26 44 73
81 55 51
43 61 68
93 91 84
10 3 61
1 96 98
33 66 88
72 56 87
5 16 74
57 46 84
75 100 56
83 65 60
88 86 58
82 4 85
27 3 92
1 9 59
58 92 85
19 68 90
66 93 98
90 35 64
38 51 57
51 37 51
99 25 51
59 18 100
48 91 85
62 37 60
75 72 84
4 47 79
18 98 87
58 38 81
81 52 74
73 65 72
58 9 89
48 34 51
51 78 59
29 37 94
65 19 84
27 44 61
74 75 91
19 67 84
66 96 92
37 50 92
7 14 70
72 13 52
92 74 61
38 40 95
51 45 55
89 83 58
95 67 53
28 69 97
75 71 70
89 89 70
53 69 64
74 83 82
3 59 83
93 82 88
61 72 88
92 43 57
66 43 68
93 45 51
77 70 98
94 6 78
66 9 97
95 69 86
3 21 76
68 92 95
73 56 78
60 67 66
20 20 96
39 64 97
60 4 68
33 64 54
83 32 70
91 14 67
29 22 75
27 42 81
49 48 78
36 26 86
70 90 50
100 53 66
69 76 65
7 83 77
43 23 60
59 59 86
89 61 89
100 73 57
1 10 59
80 19 91
45 64 75
24 19 72
2 32 94
19 96 94
19 55 63
61 27 92
24 90 97
56 7 68
88 39 51
10 10 88
73 7 70
48 75 50
36 10 71
61 8 74
26 65 70
24 12 83
10 98 52
46 79 91
85 37 88
68 22 53
73 88 98
51 73 84
40 41 80
65 90 69
79 9 64
90 90 72
56 81 68
38 85 87
10 80 71
16 98 72
32 16 51
54 55 79
53 65 59
79 57 59
36 24 83
2 48 65
41 39 80
51 49 96
61 71 61
4 88 97
59 20 72
91 94 67
71 44 85
22 3 61
57 33 99
40 12 92
66 63 66
5 82 100
52 57 70
57 100 71
10 82 59
42 8 77
65 8 67
93 29 85
71 63 60
9 84 85
12 20 80
29 34 84
81 38 79
70 51 72
50 11 76
84 80 99
9 59 61
99 74 66
68 70 78
7 61 52
17 34 69
63 8 92
100 43 60
71 37 79
35 68 71
27 21 67
52 60 51
48 96 86
40 48 62
27 81 53
9 18 64
45 38 93
32 52 91
100 75 51
42 56 58
21 89 96
80 29 79
87 9 55
55 55 54
23 11 73
50 33 53
48 81 98
94 14 50
53 19 53
22 50 77
34 76 90
98 55 55
42 25 100
24 53 82
62 10 76
87 14 61
98 80 73
5 93 83
58 64 87
100 4 53
68 47 100
57 48 99
90 87 81
29 89 75
4 71 62
32 94 66
21 75 61
4 77 66
4 18 66
32 18 56
39 50 83
78 53 67
43 38 64
61 73 78
22 84 58
40 60 84
14 24 65
30 55 75
11 64 63
79 80 69
67 45 77
65 59 99
45 23 51
33 33 87
81 86 85
79 27 64
17 85 90
88 65 100
46 23 82
36 87 73
35 21 59
81 91 53
83 22 81
17 44 56
88 98 81
9 81 61
54 42 99
97 20 55
99 95 79
47 31 53
83 92 80
84 91 77
73 2 97
1 5 65
44 74 86
46 49 90
53 82 63
100 38 62
82 27 81
52 43 77
77 71 85
7 60 81
26 45 72
95 31 71
44 79 52
23 42 53
5 71 96
81 94 86
12 26 64
11 49 64
26 63 78
14 21 79
72 1 72
70 50 61
77 11 87
7 49 95
4 50 50
64 17 88
98 86 97
42 17 91
58 18 60
37 83 55
51 20 87
33 51 80
79 5 100
48 29 89
24 56 70
46 11 79
93 48 72
31 18 95
100 58 50
35 58 100
