0
29 28 25 24 23 25 23 24 24 31 28 25 25 25 23 25 24 29 23 29
26 26 26 26 26 25 26 29 27 25 26 26 28 27 26 26 27 27 27 26
24 23 23 27 24 24 24 30 23 29 24 25 22 30 29 20 24 24 22 29
25 30 23 31 25 30 26 24 30 25 25 26 26 26 31 26 25 31 26 31
23 26 26 28 24 25 25 25 26 26 25 26 28 26 29 27 25 27 27 24
22 24 23 29 27 29 29 24 23 23 23 24 24 28 23 24 24 24 21 32
24 29 23 27 23 30 26 25 26 29 24 23 23 26 26 31 25 21 23 26
32 32 28 28 28 28 32 28 28 33 33 28 28 32 28 28 33 28 27 28
23 29 24 25 29 23 25 22 28 23 24 24 24 31 29 24 23 24 32 22
