0 10
1 0
0
20 50
1 1 0 0 0 1 0 0 0 1 1 0 0 0 0 0 0 1 0 1
1 3
4 9
7 12
2 12
11 17
8 15
2 18
19 20
5 20
6 8
6 20
3 5
18 20
10 15
3 7
17 18
15 19
9 18
15 16
4 13
15 18
6 13
10 20
2 10
7 14
13 19
6 14
2 16
2 19
8 16
13 17
8 14
1 7
4 11
9 11
2 5
6 10
8 9
9 12
7 20
8 11
1 4
6 19
1 6
6 15
6 7
14 15
5 6
13 16
1 11
20 50
1 0 0 1 0 1 1 1 1 0 1 1 0 0 0 0 0 0 1 1
2 11
5 9
7 8
5 13
5 17
1 18
12 14
6 18
5 11
2 7
9 19
4 7
10 15
1 10
2 20
6 10
17 19
15 16
3 9
4 15
11 14
2 16
10 12
3 14
7 19
6 16
7 10
3 20
12 16
15 20
6 17
1 15
5 18
1 20
14 18
13 19
16 17
5 7
1 7
4 16
3 17
6 8
3 15
10 13
8 11
3 4
14 15
8 20
15 17
2 15
20 50
1 1 1 0 1 1 1 0 1 0 1 1 1 0 0 1 1 1 1 0
4 13
3 5
8 13
4 14
2 18
9 16
9 10
1 11
4 16
14 15
6 16
3 4
13 18
9 15
4 7
4 20
3 7
4 19
15 17
1 16
8 16
3 8
6 14
1 19
2 20
2 13
15 19
17 19
11 13
11 16
5 10
6 9
3 18
10 16
11 14
4 18
14 16
2 10
11 12
6 17
13 15
4 8
2 17
17 18
1 20
16 20
1 3
19 20
5 9
1 2
20 19
0 1 0 1 0 1 0 0 1 0 0 0 0 0 1 0 0 1 0 1
1 2
1 3
3 4
1 5
4 6
5 7
6 8
8 9
2 10
9 11
8 12
1 13
10 14
3 15
10 16
6 17
3 18
10 19
5 20
20 50
0 1 1 0 1 0 0 0 1 1 1 0 1 0 0 0 0 1 1 1
1 20
1 8
1 9
2 12
5 14
2 9
2 11
11 17
12 20
5 20
8 16
3 11
8 9
9 20
3 10
14 20
4 19
7 14
1 17
4 6
8 10
1 7
10 19
5 16
18 19
7 18
1 18
5 7
7 19
11 16
3 17
6 11
7 13
5 8
5 12
3 6
1 10
1 15
8 20
9 17
11 14
1 3
1 6
6 20
1 2
2 6
9 13
11 13
4 17
10 17
20 50
1 1 1 0 0 0 0 1 1 1 1 1 1 0 1 1 1 1 1 0
4 18
13 17
10 16
1 7
2 3
5 7
4 19
9 14
6 11
16 18
5 12
4 8
7 15
1 11
8 12
2 16
11 18
5 10
5 13
5 9
16 17
3 5
3 12
11 12
4 15
1 5
3 14
8 16
2 8
10 11
12 18
11 14
10 14
7 14
7 19
2 7
12 16
6 17
9 17
1 6
3 17
11 19
8 19
1 9
12 17
1 12
19 20
8 13
14 19
6 16
20 50
0 1 0 1 0 1 1 0 0 1 0 0 0 0 0 1 0 0 0 1
1 20
1 3
5 20
3 7
1 11
4 12
2 13
11 15
7 13
5 7
3 20
4 5
14 19
3 10
15 17
10 20
4 8
10 13
17 18
3 11
4 18
4 6
1 13
1 17
2 7
12 19
1 18
6 12
7 18
4 7
1 8
1 15
5 12
18 20
1 6
5 13
4 11
16 18
3 17
7 10
2 19
9 15
11 20
8 13
7 17
7 19
1 9
19 20
2 18
10 12
20 19
0 0 0 1 1 0 0 0 1 1 1 1 0 0 0 1 1 1 0 1
1 2
2 3
3 4
4 5
5 6
6 7
7 8
8 9
9 10
10 11
11 12
12 13
13 14
14 15
15 16
16 17
17 18
18 19
19 20
20 50
1 0 1 1 0 1 1 1 0 1 1 1 1 0 0 1 1 1 0 1
2 3
1 9
3 8
15 17
2 9
18 20
16 20
1 2
8 9
15 18
2 10
10 15
11 13
13 16
3 7
5 17
7 12
3 11
8 20
6 8
4 12
8 14
14 20
8 12
8 10
6 17
6 18
5 6
7 18
7 16
6 15
12 20
2 8
5 20
16 18
9 13
9 20
5 16
6 12
11 12
4 20
9 19
10 17
1 8
12 18
9 11
3 6
12 19
15 19
8 13
